N    28.458    40.197     5.198 1.8
C    29.484    39.258     4.696 1.9
C    28.901    38.374     3.596 1.9
O    27.702    38.432     3.327 1.7
C    29.887    38.396     5.887 1.9
C    28.596    38.355     6.663 1.9
C    28.037    39.789     6.550 1.9
N    29.759    37.596     2.938 1.8
C    29.325    36.672     1.898 1.9
C    29.488    35.273     2.473 1.9
O    30.580    34.893     2.914 1.7
C    30.149    36.816     0.620 1.9
C    29.793    35.771    -0.425 1.9
C    30.328    36.079    -1.804 1.9
O    31.338    35.510    -2.237 1.7
N    29.636    36.948    -2.523 1.8
N    28.391    34.525     2.499 1.8
C    28.383    33.178     3.036 1.9
C    28.212    32.177     1.906 1.9
O    27.248    32.248     1.137 1.7
C    27.257    33.024     4.087 1.9
C    27.432    34.098     5.174 1.9
C    27.266    31.615     4.691 1.9
C    26.453    34.019     6.318 1.9
N    29.203    31.303     1.755 1.8
C    29.164    30.278     0.723 1.9
C    28.280    29.134     1.233 1.9
O    28.014    29.037     2.435 1.7
C    30.578    29.782     0.386 1.9
O    31.214    29.305     1.580 1.7
C    31.404    30.923    -0.201 1.9
N    27.820    28.270     0.338 1.8
C    26.936    27.193     0.764 1.9
C    27.553    25.791     0.748 1.9
O    26.832    24.786     0.642 1.7
C    25.628    27.253    -0.038 1.9
C    24.849    28.548     0.209 1.9
C    23.715    28.687    -0.787 1.9
C    24.340    28.575     1.645 1.9
N    28.882    25.723     0.883 1.8
C    29.593    24.442     0.908 1.9
C    29.140    23.629     2.119 1.9
O    29.123    22.403     2.078 1.7
C    31.110    24.653     0.901 1.9
C    31.597    25.372    -0.337 1.9
C    32.075    26.653    -0.409 1.9
C    31.603    24.867    -1.680 1.9
N    32.364    26.981    -1.710 1.8
C    32.090    25.904    -2.513 1.9
C    31.248    23.642    -2.260 1.9
C    32.226    25.755    -3.902 1.9
C    31.385    23.490    -3.641 1.9
C    31.869    24.546    -4.446 1.9
N    28.792    24.308     3.203 1.8
C    28.256    23.631     4.376 1.9
C    27.130    24.491     4.915 1.9
O    26.901    25.598     4.421 1.7
C    29.305    23.369     5.443 1.9
C    30.396    22.385     5.033 1.9
C    31.391    22.140     6.153 1.9
C    32.435    21.146     5.704 1.9
N    33.442    20.844     6.750 1.8
N    26.411    23.971     5.899 1.8
C    25.267    24.671     6.476 1.9
C    25.533    26.094     6.936 1.9
O    26.440    26.342     7.730 1.7
C    24.678    23.858     7.624 1.9
C    24.062    22.549     7.174 1.9
C    23.590    21.743     8.355 1.9
N    23.134    20.417     7.951 1.8
C    23.108    19.363     8.760 1.9
N    23.509    19.484    10.020 1.8
N    22.676    18.190     8.316 1.8
N    24.745    27.058     6.427 1.8
C    24.943    28.453     6.833 1.9
C    24.454    28.712     8.261 1.9
O    23.389    29.288     8.465 1.7
C    24.131    29.225     5.790 1.9
C    23.021    28.263     5.449 1.9
C    23.762    26.957     5.334 1.9
N    25.225    28.248     9.245 1.8
C    24.896    28.425    10.659 1.9
C    25.522    29.727    11.173 1.9
O    26.657    30.056    10.814 1.7
C    25.451    27.246    11.468 1.9
C    24.577    26.095    11.984 1.9
C    23.329    25.892    11.154 1.9
C    25.419    24.827    12.010 1.9
N    24.777    30.483    11.975 1.8
C    25.278    31.736    12.554 1.9
C    24.871    31.809    14.016 1.9
O    23.977    31.077    14.447 1.7
C    24.710    33.005    11.848 1.9
C    25.182    33.079    10.410 1.9
C    23.189    33.038    11.933 1.9
N    25.547    32.662    14.781 1.8
C    25.222    32.843    16.188 1.9
C    24.167    33.950    16.266 1.9
O    24.260    34.971    15.574 1.7
C    26.455    33.253    17.016 1.9
O    27.524    32.326    16.793 1.7
C    26.118    33.248    18.493 1.9
N    23.147    33.727    17.084 1.8
C    22.068    34.687    17.252 1.9
C    21.868    34.954    18.738 1.9
O    22.389    34.224    19.581 1.7
C    20.727    34.154    16.670 1.9
C    20.295    32.882    17.414 1.9
C    20.864    33.891    15.177 1.9
C    18.846    32.481    17.189 1.9
N    21.125    36.007    19.054 1.8
C    20.845    36.351    20.437 1.9
C    19.354    36.620    20.509 1.9
O    18.833    37.491    19.804 1.7
C    21.636    37.590    20.848 1.9
C    21.639    37.882    22.342 1.9
C    22.447    39.150    22.620 1.9
C    22.374    39.561    24.078 1.9
N    23.034    38.567    24.959 1.8
N    18.660    35.816    21.301 1.8
C    17.225    35.961    21.459 1.9
C    16.890    35.721    22.920 1.9
O    17.414    34.788    23.537 1.7
C    16.449    34.971    20.548 1.9
C    14.941    35.172    20.714 1.9
C    16.852    33.542    20.849 1.9
C    14.108    34.280    19.851 1.9
N    16.079    36.609    23.487 1.8
C    15.694    36.482    24.881 1.9
C    16.881    36.475    25.830 1.9
O    16.812    35.885    26.908 1.7
N    17.966    37.132    25.428 1.8
C    19.159    37.186    26.253 1.9
C    19.924    35.877    26.291 1.9
O    20.687    35.626    27.223 1.7
N    19.701    35.025    25.298 1.8
C    20.385    33.735    25.216 1.9
C    21.102    33.651    23.865 1.9
O    20.563    34.078    22.847 1.7
C    19.377    32.580    25.385 1.9
C    18.678    32.570    26.751 1.9
C    17.561    31.533    26.877 1.9
O    17.595    30.470    26.251 1.7
N    16.575    31.836    27.715 1.8
N    22.348    33.192    23.871 1.8
C    23.121    33.060    22.636 1.9
C    22.801    31.666    22.072 1.9
O    22.761    30.693    22.829 1.7
C    24.620    33.201    22.945 1.9
C    25.474    34.127    22.070 1.9
C    24.929    35.546    22.086 1.9
C    26.904    34.120    22.572 1.9
N    22.519    31.571    20.773 1.8
C    22.186    30.287    20.146 1.9
C    22.739    30.195    18.734 1.9
O    23.241    31.179    18.192 1.7
C    20.667    30.106    20.055 1.9
C    19.926    30.102    21.369 1.9
C    18.435    29.964    21.130 1.9
C    17.648    30.235    22.394 1.9
N    17.972    29.279    23.484 1.8
N    22.668    29.001    18.150 1.8
C    23.109    28.787    16.772 1.9
C    21.850    28.581    15.949 1.9
O    20.911    27.926    16.401 1.7
C    24.008    27.557    16.638 1.9
C    25.460    27.779    17.032 1.9
C    26.207    28.705    16.085 1.9
O    26.236    28.431    14.866 1.7
O    26.787    29.699    16.569 1.7
N    21.830    29.132    14.745 1.8
C    20.668    29.013    13.885 1.9
C    21.104    28.930    12.450 1.9
O    22.189    29.381    12.094 1.7
C    19.745    30.203    14.079 1.9
N    20.237    28.353    11.630 1.8
C    20.476    28.173    10.211 1.9
C    19.815    29.270     9.367 1.9
O    18.624    29.555     9.530 1.7
C    19.901    26.818     9.807 1.9
C    20.073    26.367     8.364 1.9
C    21.525    25.955     8.122 1.9
C    19.115    25.213     8.110 1.9
N    20.576    29.892     8.473 1.8
C    20.016    30.919     7.596 1.9
C    19.260    30.123     6.537 1.9
O    19.855    29.553     5.622 1.7
C    21.121    31.782     6.978 1.9
C    21.987    32.536     7.988 1.9
C    22.970    33.429     7.250 1.9
C    21.118    33.366     8.919 1.9
N    17.939    30.130     6.657 1.8
C    17.054    29.343     5.812 1.9
C    16.150    30.106     4.844 1.9
O    15.031    30.463     5.207 1.7
C    16.192    28.527     6.778 1.9
C    15.491    27.364     6.131 1.9
O    15.413    27.271     4.884 1.7
O    14.999    26.534     6.915 1.7
N    16.570    30.259     3.593 1.8
C    15.740    30.960     2.612 1.9
C    14.477    30.173     2.247 1.9
O    13.564    30.723     1.626 1.7
C    16.491    31.246     1.312 1.9
O    16.917    30.009     0.732 1.7
C    17.704    32.128     1.569 1.9
N    14.434    28.890     2.605 1.8
C    13.270    28.077     2.292 1.9
C    12.178    28.178     3.344 1.9
O    11.107    27.580     3.202 1.7
N    12.440    28.953     4.393 1.8
C    11.489    29.136     5.484 1.9
C    10.765    30.482     5.488 1.9
O    11.408    31.539     5.439 1.7
C    12.196    28.944     6.818 1.9
N     9.434    30.446     5.562 1.8
C     8.645    31.678     5.628 1.9
C     8.848    32.329     6.986 1.9
O     8.932    33.552     7.079 1.7
C     7.137    31.421     5.521 1.9
C     6.722    30.813     4.215 1.9
O     7.454    30.931     3.209 1.7
O     5.623    30.222     4.202 1.7
N     8.895    31.505     8.035 1.8
C     9.028    31.976     9.412 1.9
C    10.378    31.659    10.056 1.9
O    11.223    30.976     9.477 1.7
C     7.945    31.336    10.299 1.9
C     6.610    31.151     9.587 1.9
O     5.976    32.158     9.214 1.7
O     6.189    29.986     9.425 1.7
N    10.545    32.141    11.278 1.8
C    11.739    31.909    12.075 1.9
C    11.220    31.008    13.197 1.9
O    10.232    31.346    13.864 1.7
C    12.308    33.251    12.626 1.9
O    12.833    34.014    11.534 1.7
C    13.400    33.017    13.652 1.9
N    11.821    29.828    13.330 1.8
C    11.404    28.851    14.330 1.9
C    12.571    28.501    15.254 1.9
O    13.635    28.065    14.799 1.7
C    10.859    27.543    13.648 1.9
C    10.125    26.676    14.659 1.9
C     9.947    27.889    12.471 1.9
N    12.379    28.756    16.544 1.8
C    13.387    28.476    17.560 1.9
C    12.955    27.273    18.412 1.9
O    11.761    27.062    18.654 1.7
C    13.619    29.720    18.479 1.9
C    14.030    30.933    17.634 1.9
C    14.677    29.426    19.541 1.9
C    15.248    30.702    16.760 1.9
N    13.928    26.463    18.816 1.8
C    13.676    25.301    19.649 1.9
C    13.083    25.756    20.973 1.9
O    13.358    26.866    21.438 1.7
C    14.970    24.523    19.880 1.9
C    15.460    23.800    18.639 1.9
C    16.838    23.181    18.803 1.9
O    17.412    23.256    19.913 1.7
O    17.351    22.625    17.807 1.7
N    12.281    24.882    21.571 1.8
C    11.589    25.134    22.831 1.9
C    12.372    26.000    23.828 1.9
O    13.478    25.651    24.258 1.7
C    11.188    23.794    23.463 1.9
C     9.806    23.758    24.090 1.9
C     8.683    23.887    23.081 1.9
O     8.306    22.864    22.468 1.7
O     8.165    25.010    22.914 1.7
N    11.808    27.165    24.133 1.8
C    12.400    28.114    25.072 1.9
C    11.290    29.051    25.539 1.9
O    10.166    28.998    25.035 1.7
C    13.516    28.937    24.410 1.9
C    13.011    29.993    23.437 1.9
Z    14.280    31.110    22.813 2.0
C    14.637    32.068    24.315 1.9
N    11.611    29.910    26.493 1.8
C    10.606    30.845    27.019 1.9
C    10.858    32.250    26.466 1.9
O    11.989    32.713    26.348 1.7
C    10.681    30.888    28.546 1.9
O    12.024    30.713    28.972 1.7
N     9.761    32.901    26.075 1.8
C     9.793    34.267    25.580 1.9
C     8.647    34.962    26.297 1.9
O     7.658    34.320    26.667 1.7
C     9.587    34.326    24.061 1.9
C    10.778    33.948    23.173 1.9
C    10.384    34.042    21.702 1.9
C    11.969    34.855    23.468 1.9
N     8.805    36.256    26.593 1.8
C     7.785    37.051    27.278 1.9
C     6.713    37.537    26.311 1.9
O     6.933    37.617    25.099 1.7
C     8.592    38.220    27.823 1.9
C     9.593    38.441    26.728 1.9
C    10.048    37.032    26.419 1.9
N     5.555    37.879    26.852 1.8
C     4.487    38.370    26.010 1.9
C     3.423    37.331    25.769 1.9
O     3.490    36.210    26.280 1.7
N     2.414    37.727    25.012 1.8
C     1.317    36.842    24.693 1.9
C     1.747    36.013    23.497 1.9
O     2.667    36.395    22.766 1.7
C     0.067    37.664    24.355 1.9
N     1.116    34.859    23.327 1.8
C     1.409    33.986    22.197 1.9
C     0.140    33.269    21.774 1.9
O    -0.791    33.109    22.568 1.7
C     2.490    32.955    22.553 1.9
C     2.140    32.071    23.702 1.9
C     2.465    32.270    25.008 1.9
C     1.389    30.849    23.654 1.9
N     1.962    31.252    25.781 1.8
C     1.297    30.366    24.975 1.9
C     0.784    30.118    22.623 1.9
C     0.623    29.179    25.298 1.9
C     0.111    28.937    22.943 1.9
C     0.038    28.483    24.272 1.9
N     0.092    32.852    20.519 1.8
C    -1.063    32.121    20.028 1.9
C    -0.586    30.886    19.278 1.9
O     0.498    30.882    18.685 1.7
C    -1.983    33.000    19.166 1.9
C    -1.384    33.585    17.905 1.9
C    -2.357    34.581    17.288 1.9
C    -1.681    35.415    16.219 1.9
N    -2.552    36.511    15.714 1.8
N    -1.339    29.785    19.395 1.8
C    -0.978    28.537    18.719 1.9
C    -0.989    28.679    17.200 1.9
O    -1.777    29.452    16.637 1.7
C    -2.044    27.553    19.225 1.9
C    -3.221    28.439    19.553 1.9
C    -2.562    29.626    20.204 1.9
N    -0.108    27.924    16.547 1.8
C     0.026    27.933    15.095 1.9
C     0.526    26.559    14.664 1.9
O     1.127    25.838    15.455 1.7
C     1.053    29.003    14.684 1.9
C     1.172    29.277    13.189 1.9
C     2.290    30.279    12.936 1.9
C     2.464    30.588    11.456 1.9
N     1.389    31.483    10.935 1.8
N     0.250    26.195    13.418 1.8
C     0.689    24.926    12.856 1.9
C     1.548    25.276    11.653 1.9
O     1.114    26.022    10.778 1.7
C    -0.506    24.095    12.378 1.9
C    -1.263    23.372    13.467 1.9
Z    -0.322    21.978    14.120 2.0
C    -0.787    20.640    12.954 1.9
N     2.779    24.782    11.624 1.8
C     3.659    25.050    10.496 1.9
C     4.095    23.728     9.881 1.9
O     4.285    22.743    10.591 1.7
C     4.898    25.884    10.909 1.9
C     5.690    25.167    12.005 1.9
C     4.463    27.284    11.333 1.9
C     6.955    25.893    12.425 1.9
N     4.222    23.695     8.562 1.8
C     4.615    22.461     7.924 1.9
C     5.757    22.575     6.947 1.9
O     6.116    23.671     6.504 1.7
N     6.303    21.417     6.600 1.8
C     7.402    21.323     5.660 1.9
C     7.648    19.850     5.421 1.9
O     6.704    19.057     5.460 1.7
N     8.903    19.470     5.202 1.8
C     9.246    18.070     4.967 1.9
C     8.864    17.246     6.196 1.9
O     9.222    17.593     7.325 1.7
C    10.765    17.904     4.662 1.9
C    11.077    18.432     3.264 1.9
C    11.203    16.437     4.762 1.9
C    10.487    17.611     2.178 1.9
N     8.087    16.192     5.984 1.8
C     7.684    15.349     7.096 1.9
C     6.380    15.709     7.782 1.9
O     5.953    15.005     8.697 1.7
N     5.756    16.807     7.379 1.8
C     4.493    17.173     7.996 1.9
C     4.479    18.488     8.742 1.9
O     5.269    19.390     8.448 1.7
N     3.592    18.581     9.727 1.8
C     3.429    19.794    10.520 1.9
C     3.811    19.619    11.973 1.9
O     3.906    18.501    12.453 1.7
C     1.961    20.237    10.490 1.9
C     1.510    20.797     9.170 1.9
C     1.311    19.970     8.079 1.9
C     1.254    22.157     9.034 1.9
C     0.862    20.484     6.876 1.9
C     0.806    22.685     7.834 1.9
C     0.608    21.848     6.751 1.9
N     4.021    20.736    12.660 1.8
C     4.312    20.757    14.099 1.9
C     3.570    21.975    14.666 1.9
O     3.347    22.965    13.960 1.7
C     5.838    20.853    14.452 1.9
C     6.439    22.168    13.947 1.9
C     6.600    19.642    13.902 1.9
C     7.821    22.465    14.506 1.9
N     3.137    21.877    15.917 1.8
C     2.422    22.959    16.566 1.9
C     3.452    23.821    17.277 1.9
O     4.342    23.306    17.961 1.7
C     1.416    22.402    17.571 1.9
C     0.496    23.453    18.172 1.9
C    -0.323    22.877    19.312 1.9
C    -1.151    23.954    19.975 1.9
N    -1.817    23.451    21.199 1.8
N     3.323    25.132    17.119 1.8
C     4.255    26.071    17.726 1.9
C     3.538    27.242    18.401 1.9
O     2.336    27.440    18.222 1.7
C     5.226    26.629    16.656 1.9
C     6.050    25.492    16.040 1.9
C     4.445    27.372    15.569 1.9
N     4.279    27.977    19.222 1.8
C     3.758    29.152    19.907 1.9
C     4.301    30.369    19.151 1.9
O     5.515    30.504    18.943 1.7
C     4.201    29.180    21.373 1.9
C     3.760    27.966    22.174 1.9
C     3.897    28.188    23.679 1.9
N     5.213    28.701    24.063 1.8
C     6.295    27.949    24.270 1.9
N     6.241    26.628    24.131 1.8
N     7.439    28.521    24.626 1.8
N     3.387    31.195    18.658 1.8
C     3.742    32.387    17.904 1.9
C     3.858    33.616    18.787 1.9
O     2.876    34.041    19.407 1.7
C     2.703    32.658    16.814 1.9
C     2.882    34.006    16.140 1.9
C     1.789    34.338    15.133 1.9
O     0.975    33.492    14.776 1.7
N     1.790    35.575    14.654 1.8
N     5.058    34.183    18.844 1.8
C     5.302    35.398    19.615 1.9
C     5.570    36.493    18.596 1.9
O     6.285    36.273    17.618 1.7
C     6.526    35.248    20.513 1.9
C     6.363    34.262    21.640 1.9
C     6.690    32.909    21.468 1.9
C     5.928    34.681    22.895 1.9
C     6.593    32.003    22.524 1.9
C     5.825    33.782    23.953 1.9
C     6.162    32.446    23.763 1.9
O     6.074    31.571    24.823 1.7
N     4.964    37.658    18.782 1.8
C     5.197    38.742    17.839 1.9
C     6.133    39.787    18.416 1.9
O     6.369    39.833    19.627 1.7
C     3.886    39.397    17.423 1.9
C     2.920    38.418    16.792 1.9
O     3.346    37.610    15.941 1.7
O     1.724    38.466    17.146 1.7
N     6.697    40.590    17.521 1.8
C     7.603    41.670    17.884 1.9
C     8.691    41.265    18.882 1.9
O     8.839    41.851    19.963 1.7
C     6.793    42.869    18.378 1.9
C     5.912    43.459    17.285 1.9
C     4.878    44.426    17.818 1.9
O     4.737    44.601    19.031 1.7
N     4.129    45.048    16.915 1.8
N     9.445    40.243    18.502 1.8
C    10.537    39.738    19.318 1.9
C    11.829    40.223    18.660 1.9
O    11.962    40.191    17.435 1.7
C    10.509    38.178    19.392 1.9
C     9.243    37.705    20.124 1.9
C    11.782    37.632    20.058 1.9
C     9.061    38.283    21.527 1.9
N    12.744    40.746    19.465 1.8
C    14.011    41.235    18.940 1.9
C    15.013    40.090    18.910 1.9
O    15.062    39.275    19.834 1.7
C    14.605    42.373    19.810 1.9
C    13.644    43.558    19.878 1.9
C    15.932    42.835    19.225 1.9
C    14.118    44.657    20.795 1.9
N    15.783    40.019    17.834 1.8
C    16.810    39.002    17.676 1.9
C    18.022    39.667    17.033 1.9
O    17.873    40.589    16.228 1.7
C    16.353    37.829    16.751 1.9
C    15.213    37.042    17.394 1.9
C    17.513    36.860    16.494 1.9
C    14.898    35.741    16.679 1.9
N    19.216    39.259    17.449 1.8
C    20.433    39.789    16.855 1.9
C    21.013    38.643    16.039 1.9
O    21.182    37.540    16.558 1.7
C    21.438    40.257    17.912 1.9
C    22.650    40.949    17.279 1.9
C    23.658    41.485    18.281 1.9
O    23.916    40.816    19.307 1.7
O    24.211    42.576    18.022 1.7
N    21.268    38.899    14.759 1.8
C    21.807    37.903    13.834 1.9
C    23.065    38.502    13.205 1.9
O    22.977    39.414    12.380 1.7
C    20.776    37.592    12.705 1.9
C    19.440    37.153    13.312 1.9
C    21.299    36.509    11.782 1.9
C    18.231    37.498    12.463 1.9
N    24.230    38.024    13.636 1.8
C    25.511    38.511    13.125 1.9
C    25.755    40.003    13.342 1.9
O    26.283    40.682    12.456 1.7
C    25.656    38.187    11.642 1.9
Z    25.956    36.469    11.330 2.0
N    25.371    40.517    14.507 1.8
C    25.581    41.926    14.796 1.9
C    24.560    42.837    14.137 1.9
O    24.716    44.064    14.127 1.7
N    23.532    42.231    13.550 1.8
C    22.459    42.967    12.898 1.9
C    21.197    42.727    13.716 1.9
O    20.742    41.590    13.859 1.7
C    22.247    42.472    11.467 1.9
C    23.350    42.837    10.521 1.9
N    24.643    42.381    10.668 1.8
C    23.344    43.590     9.395 1.9
C    25.386    42.834     9.673 1.9
N    24.621    43.570     8.886 1.8
N    20.694    43.787    14.331 1.8
C    19.485    43.712    15.137 1.9
C    18.249    43.740    14.210 1.9
O    18.252    44.409    13.164 1.7
C    19.488    44.870    16.154 1.9
C    18.195    45.107    16.918 1.9
C    17.250    46.026    16.133 1.9
C    15.865    46.096    16.757 1.9
N    14.920    46.832    15.876 1.8
N    17.236    42.949    14.554 1.8
C    15.997    42.891    13.786 1.9
C    14.854    42.572    14.737 1.9
O    15.086    42.193    15.892 1.7
C    16.087    41.836    12.690 1.9
N    13.628    42.788    14.275 1.8
C    12.445    42.510    15.079 1.9
C    11.361    41.875    14.195 1.9
O    11.205    42.230    13.019 1.7
C    11.914    43.795    15.792 1.9
C    10.843    43.425    16.824 1.9
C    11.357    44.794    14.776 1.9
C    10.350    44.588    17.657 1.9
N    10.670    40.880    14.747 1.8
C     9.626    40.205    14.002 1.9
C     8.981    39.105    14.814 1.9
O     9.218    38.981    16.016 1.7
N     8.139    38.325    14.153 1.8
C     7.447    37.209    14.780 1.9
C     8.416    36.031    14.913 1.9
O     9.151    35.715    13.972 1.7
C     6.271    36.766    13.897 1.9
O     5.361    37.860    13.718 1.7
C     5.545    35.590    14.518 1.9
N     8.437    35.400    16.082 1.8
C     9.295    34.249    16.317 1.9
C     8.415    33.107    16.818 1.9
O     7.605    33.293    17.726 1.7
C    10.411    34.565    17.348 1.9
C    11.157    33.292    17.731 1.9
C    11.397    35.562    16.755 1.9
N     8.525    31.953    16.167 1.8
C     7.748    30.772    16.531 1.9
C     8.633    29.862    17.371 1.9
O     9.788    29.631    17.023 1.7
C     7.295    30.029    15.272 1.9
C     6.680    30.883    14.159 1.9
C     6.318    29.994    12.992 1.9
C     5.453    31.651    14.665 1.9
N     8.102    29.392    18.498 1.8
C     8.825    28.505    19.405 1.9
C     8.150    27.129    19.400 1.9
O     6.931    27.030    19.593 1.7
C     8.817    29.069    20.853 1.9
C     9.487    28.106    21.798 1.9
C     9.510    30.424    20.905 1.9
N     8.928    26.073    19.170 1.8
C     8.354    24.738    19.152 1.9
C     9.362    23.626    18.924 1.9
O    10.563    23.886    18.884 1.7
N     8.899    22.374    18.748 1.8
C     9.739    21.190    18.523 1.9
C    10.463    21.112    17.180 1.9
O    10.386    20.089    16.496 1.7
C     8.746    20.042    18.672 1.9
C     7.476    20.636    18.148 1.9
C     7.475    21.993    18.813 1.9
N    11.171    22.175    16.801 1.8
C    11.912    22.173    15.541 1.9
C    13.241    21.453    15.800 1.9
O    13.825    21.592    16.877 1.7
C    12.132    23.612    15.000 1.9
O    12.937    23.564    13.821 1.7
C    12.806    24.487    16.019 1.9
N    13.713    20.646    14.831 1.8
C    14.974    19.897    14.974 1.9
C    16.199    20.795    15.077 1.9
O    17.198    20.418    15.687 1.7
C    15.033    19.070    13.687 1.9
C    13.612    19.040    13.199 1.9
C    13.122    20.414    13.504 1.9
N    16.112    21.973    14.463 1.8
C    17.198    22.949    14.439 1.9
C    16.622    24.377    14.433 1.9
O    15.492    24.602    13.974 1.7
C    18.103    22.720    13.180 1.9
C    17.268    22.614    11.931 1.9
C    19.120    23.840    13.022 1.9
N    17.359    25.326    15.010 1.8
C    16.912    26.717    15.026 1.9
C    17.031    27.242    13.592 1.9
O    18.064    27.042    12.943 1.7
C    17.789    27.558    15.964 1.9
C    17.602    27.199    17.436 1.9
O    16.505    26.850    17.866 1.7
N    18.673    27.300    18.215 1.8
N    15.973    27.858    13.066 1.8
C    16.026    28.381    11.700 1.9
C    15.605    29.848    11.618 1.9
O    14.663    30.270    12.293 1.7
C    15.162    27.535    10.700 1.9
C    13.674    27.664    11.011 1.9
C    15.549    26.061    10.760 1.9
C    12.788    26.775    10.152 1.9
N    16.359    30.635    10.852 1.8
C    16.049    32.050    10.650 1.9
C    15.383    32.116     9.281 1.9
O    16.020    31.856     8.261 1.7
C    17.330    32.951    10.650 1.9
C    18.100    32.814    11.967 1.9
C    16.955    34.413    10.424 1.9
C    17.324    33.209    13.213 1.9
N    14.099    32.438     9.263 1.8
C    13.383    32.495     8.003 1.9
C    13.398    33.845     7.327 1.9
O    13.973    34.805     7.846 1.7
N    12.723    33.925     6.185 1.8
C    12.648    35.143     5.393 1.9
C    12.103    36.370     6.106 1.9
O    12.452    37.488     5.738 1.7
C    11.828    34.906     4.134 1.9
C    12.432    33.920     3.171 1.9
C    11.659    33.900     1.865 1.9
N    10.265    33.494     2.048 1.8
C     9.227    34.329     2.095 1.9
N     9.396    35.636     1.925 1.8
N     8.005    33.849     2.267 1.8
N    11.272    36.182     7.130 1.8
C    10.702    37.326     7.842 1.9
C    11.759    38.148     8.580 1.9
O    11.540    39.327     8.858 1.7
C     9.597    36.887     8.809 1.9
C    10.128    36.130    10.011 1.9
O    10.864    35.157     9.873 1.7
N     9.736    36.564    11.200 1.8
N    12.889    37.521     8.917 1.8
C    13.981    38.207     9.615 1.9
C    15.188    38.372     8.692 1.9
O    15.950    39.333     8.816 1.7
C    14.374    37.468    10.897 1.9
C    13.392    37.617    12.063 1.9
C    13.873    36.843    13.279 1.9
C    13.243    39.083    12.414 1.9
N    15.335    37.444     7.750 1.8
C    16.422    37.474     6.784 1.9
C    16.380    38.770     5.991 1.9
O    17.423    39.355     5.687 1.7
C    16.300    36.289     5.828 1.9
C    17.381    35.202     5.880 1.9
C    17.940    34.999     7.269 1.9
C    16.792    33.923     5.347 1.9
N    15.172    39.203     5.638 1.8
C    14.992    40.442     4.883 1.9
C    15.446    41.649     5.704 1.9
O    16.106    42.542     5.188 1.7
C    13.518    40.677     4.484 1.9
O    12.696    40.631     5.651 1.7
C    13.047    39.651     3.499 1.9
N    15.105    41.657     6.988 1.8
C    15.452    42.754     7.880 1.9
C    16.945    43.031     8.011 1.9
O    17.345    44.182     8.196 1.7
C    14.837    42.521     9.263 1.9
C    13.319    42.382     9.242 1.9
C    12.634    43.595     8.639 1.9
O    12.272    43.607     7.459 1.7
N    12.458    44.623     9.448 1.8
N    17.770    41.987     7.936 1.8
C    19.217    42.176     8.045 1.9
C    19.830    42.483     6.683 1.9
O    21.031    42.711     6.583 1.7
C    19.942    40.958     8.691 1.9
C    19.817    39.718     7.802 1.9
C    19.395    40.692    10.089 1.9
C    20.670    38.564     8.250 1.9
N    18.994    42.500     5.643 1.8
C    19.458    42.796     4.295 1.9
C    20.074    41.624     3.550 1.9
O    20.858    41.813     2.617 1.7
N    19.659    40.415     3.910 1.8
C    20.177    39.203     3.299 1.9
C    19.518    38.868     1.961 1.9
O    18.297    38.926     1.827 1.7
C    20.028    38.043     4.286 1.9
Z    20.772    36.499     3.753 2.0
N    20.341    38.561     0.962 1.8
C    19.860    38.210    -0.364 1.9
C    20.612    36.986    -0.892 1.9
O    21.598    36.550    -0.293 1.7
C    20.064    39.376    -1.372 1.9
O    21.454    39.734    -1.436 1.7
C    19.235    40.592    -0.973 1.9
N    20.112    36.418    -1.989 1.8
C    20.730    35.272    -2.642 1.9
C    21.420    35.835    -3.872 1.9
O    20.823    36.632    -4.608 1.7
C    19.673    34.255    -3.082 1.9
C    19.080    33.341    -2.016 1.9
C    17.957    32.555    -2.636 1.9
C    20.159    32.408    -1.468 1.9
N    22.666    35.434    -4.105 1.8
C    23.401    35.944    -5.255 1.9
C    24.133    34.850    -5.997 1.9
O    24.702    33.950    -5.383 1.7
C    24.403    37.027    -4.828 1.9
C    23.726    38.278    -4.303 1.9
O    23.441    39.203    -5.056 1.7
N    23.463    38.310    -3.010 1.8
N    24.083    34.933    -7.321 1.8
C    24.746    34.002    -8.223 1.9
C    24.713    34.598    -9.632 1.9
O    24.120    35.687    -9.800 1.7
C    24.085    32.607    -8.198 1.9
C    22.683    32.566    -8.754 1.9
C    22.465    32.317   -10.106 1.9
C    21.581    32.734    -7.919 1.9
C    21.174    32.233   -10.619 1.9
C    20.288    32.652    -8.422 1.9
C    20.085    32.400    -9.773 1.9
O    25.281    33.985   -10.553 1.7
N    21.963    36.625   -10.763 1.8
C    21.167    37.809   -10.371 1.9
C    21.089    37.885    -8.856 1.9
O    21.661    37.046    -8.165 1.7
C    19.774    37.607   -10.959 1.9
C    19.713    36.081   -11.098 1.9
C    21.125    35.720   -11.570 1.9
N    20.417    38.909    -8.345 1.8
C    20.246    39.060    -6.909 1.9
C    18.778    38.803    -6.625 1.9
O    17.906    39.300    -7.342 1.7
C    20.624    40.460    -6.433 1.9
C    20.356    40.646    -4.955 1.9
C    20.874    41.951    -4.421 1.9
O    22.011    42.036    -3.962 1.7
N    20.043    42.980    -4.468 1.8
N    18.503    38.013    -5.595 1.8
C    17.136    37.682    -5.236 1.9
C    16.877    38.107    -3.795 1.9
O    17.554    37.641    -2.879 1.7
C    16.887    36.152    -5.398 1.9
C    17.079    35.744    -6.859 1.9
C    15.481    35.785    -4.960 1.9
C    17.067    34.255    -7.095 1.9
N    15.965    39.056    -3.598 1.8
C    15.641    39.482    -2.241 1.9
C    14.710    38.404    -1.666 1.9
O    14.210    37.554    -2.404 1.7
C    14.974    40.883    -2.203 1.9
O    13.886    40.936    -3.136 1.7
C    15.987    41.968    -2.545 1.9
N    14.425    38.463    -0.373 1.8
C    13.597    37.438     0.245 1.9
C    12.248    37.922     0.794 1.9
O    11.704    37.332     1.730 1.7
C    14.411    36.765     1.353 1.9
C    15.768    36.226     0.882 1.9
C    16.611    35.792     2.079 1.9
C    15.545    35.088    -0.101 1.9
N    11.700    38.977     0.197 1.8
C    10.426    39.544     0.645 1.9
C     9.315    38.570     0.318 1.9
O     8.280    38.532     0.980 1.7
C    10.202    40.902    -0.023 1.9
C    11.275    41.873     0.367 1.9
C    12.377    42.220    -0.369 1.9
C    11.404    42.540     1.624 1.9
N    13.191    43.051     0.368 1.8
C    12.618    43.267     1.593 1.9
C    10.616    42.592     2.782 1.9
C    13.061    44.038     2.678 1.9
C    11.058    43.357     3.861 1.9
C    12.271    44.069     3.799 1.9
N     9.560    37.774    -0.709 1.8
C     8.638    36.743    -1.131 1.9
C     9.461    35.463    -1.341 1.9
O    10.696    35.501    -1.299 1.7
C     7.833    37.171    -2.368 1.9
C     8.607    37.607    -3.580 1.9
C     7.645    38.251    -4.577 1.9
C     8.312    38.577    -5.909 1.9
N     8.752    37.355    -6.635 1.8
N     8.791    34.325    -1.467 1.8
C     9.495    33.055    -1.636 1.9
C    10.409    33.022    -2.844 1.9
O     9.974    33.329    -3.953 1.7
C     8.508    31.891    -1.701 1.9
C     7.803    31.636    -0.396 1.9
C     6.823    30.509    -0.564 1.9
N     6.093    30.241     0.667 1.8
C     4.795    29.965     0.715 1.9
N     4.091    29.900    -0.408 1.8
N     4.203    29.736     1.877 1.8
N    11.681    32.652    -2.650 1.8
C    12.652    32.587    -3.746 1.9
C    12.409    31.400    -4.686 1.9
O    13.216    30.467    -4.735 1.7
C    13.989    32.468    -3.023 1.9
C    13.624    31.673    -1.785 1.9
C    12.345    32.354    -1.351 1.9
N    11.297    31.443    -5.414 1.8
C    10.917    30.397    -6.366 1.9
C    11.461    30.720    -7.741 1.9
O    11.329    31.849    -8.205 1.7
C     9.397    30.318    -6.483 1.9
C     8.621    29.909    -5.244 1.9
C     7.156    30.269    -5.425 1.9
C     8.787    28.425    -5.032 1.9
N    12.030    29.731    -8.414 1.8
C    12.566    29.938    -9.753 1.9
C    12.081    28.822   -10.660 1.9
O    11.491    27.849   -10.188 1.7
C    14.121    29.955    -9.766 1.9
C    14.638    31.134    -8.947 1.9
C    14.680    28.635    -9.236 1.9
N    12.274    28.987   -11.962 1.8
C    11.887    27.958   -12.908 1.9
C    13.105    27.070   -13.141 1.9
O    14.221    27.570   -13.352 1.7
C    11.454    28.554   -14.260 1.9
O    10.364    29.458   -14.055 1.7
C    11.000    27.448   -15.213 1.9
N    12.896    25.763   -13.023 1.8
C    13.949    24.778   -13.253 1.9
C    13.473    23.869   -14.372 1.9
O    12.268    23.749   -14.610 1.7
C    14.230    23.893   -12.005 1.9
C    13.003    23.032   -11.672 1.9
C    14.668    24.763   -10.823 1.9
C    13.265    21.928   -10.654 1.9
N    14.411    23.249   -15.076 1.8
C    14.071    22.329   -16.148 1.9
C    14.754    21.004   -15.854 1.9
O    15.985    20.914   -15.817 1.7
C    14.507    22.872   -17.513 1.9
C    14.088    21.983   -18.664 1.9
C    14.158    22.690   -20.010 1.9
C    15.571    23.084   -20.381 1.9
N    15.580    23.729   -21.724 1.8
N    13.945    19.986   -15.601 1.8
C    14.457    18.658   -15.302 1.9
C    13.731    17.652   -16.193 1.9
O    12.532    17.422   -16.052 1.7
C    14.314    18.327   -13.771 1.9
C    14.853    16.929   -13.463 1.9
C    12.872    18.490   -13.295 1.9
C    15.008    16.660   -11.977 1.9
N    14.451    17.130   -17.178 1.8
C    13.864    16.172   -18.093 1.9
C    13.001    16.810   -19.164 1.9
O    12.048    16.202   -19.653 1.7
N    13.332    18.040   -19.535 1.8
C    12.564    18.727   -20.557 1.9
C    11.272    19.363   -20.070 1.9
O    10.611    20.079   -20.829 1.7
N    10.884    19.093   -18.827 1.8
C     9.665    19.681   -18.291 1.9
C    10.002    20.757   -17.268 1.9
O    10.874    20.563   -16.421 1.7
C     8.726    18.606   -17.708 1.9
C     9.350    17.635   -16.695 1.9
C     8.468    16.403   -16.410 1.9
O     8.541    15.399   -17.121 1.7
N     7.645    16.479   -15.368 1.8
N     9.390    21.927   -17.427 1.8
C     9.604    23.047   -16.511 1.9
C     8.827    22.815   -15.219 1.9
O     7.744    22.226   -15.229 1.7
C     9.137    24.366   -17.132 1.9
C     9.737    24.799   -18.463 1.9
C     9.089    26.097   -18.907 1.9
C    11.243    24.964   -18.340 1.9
N     9.392    23.282   -14.112 1.8
C     8.779    23.157   -12.798 1.9
C     9.217    24.356   -11.981 1.9
O    10.158    25.066   -12.361 1.7
C     9.266    21.899   -12.081 1.9
C     8.756    20.595   -12.642 1.9
C     9.172    19.453   -11.738 1.9
C     8.595    18.149   -12.222 1.9
N     9.192    17.795   -13.523 1.8
N     8.514    24.604   -10.880 1.8
C     8.860    25.700    -9.982 1.9
C     9.553    25.077    -8.782 1.9
O     9.103    24.054    -8.264 1.7
C     7.607    26.447    -9.504 1.9
C     6.975    27.359   -10.533 1.9
C     7.907    28.471   -10.979 1.9
O     8.325    29.281   -10.123 1.7
O     8.222    28.535   -12.189 1.7
N    10.651    25.680    -8.347 1.8
C    11.378    25.173    -7.194 1.9
C    11.861    26.322    -6.318 1.9
O    12.141    27.414    -6.807 1.7
C    12.551    24.307    -7.642 1.9
N    11.943    26.060    -5.020 1.8
C    12.370    27.026    -4.025 1.9
C    13.884    26.953    -3.758 1.9
O    14.397    25.877    -3.439 1.7
C    11.601    26.729    -2.734 1.9
C    11.676    27.617    -1.496 1.9
C    11.026    28.952    -1.784 1.9
C    10.955    26.923    -0.353 1.9
N    14.602    28.070    -3.918 1.8
C    16.042    28.097    -3.637 1.9
C    16.137    28.069    -2.116 1.9
O    15.895    29.077    -1.448 1.7
C    16.694    29.360    -4.209 1.9
C    16.540    29.539    -5.722 1.9
C    17.344    30.732    -6.193 1.9
C    16.997    28.293    -6.454 1.9
N    16.520    26.914    -1.580 1.8
C    16.551    26.690    -0.139 1.9
C    17.939    26.512     0.481 1.9
O    18.523    25.444     0.376 1.7
C    15.685    25.440     0.112 1.9
C    15.325    25.224     1.561 1.9
O    15.806    25.931     2.467 1.7
O    14.535    24.296     1.789 1.7
N    18.434    27.520     1.193 1.8
C    19.746    27.395     1.822 1.9
C    19.648    26.549     3.086 1.9
O    20.656    26.125     3.649 1.7
C    20.365    28.766     2.172 1.9
O    19.571    29.418     3.168 1.7
C    20.447    29.653     0.934 1.9
N    18.423    26.314     3.538 1.8
C    18.223    25.516     4.728 1.9
C    18.212    24.035     4.399 1.9
O    18.071    23.198     5.287 1.7
N    18.375    23.709     3.127 1.8
C    18.364    22.322     2.675 1.9
C    19.720    21.779     2.225 1.9
O    20.377    22.376     1.376 1.7
C    17.359    22.172     1.532 1.9
N    20.143    20.655     2.802 1.8
C    21.396    20.014     2.396 1.9
C    21.259    19.500     0.969 1.9
O    22.153    19.687     0.142 1.7
C    21.704    18.786     3.261 1.9
C    21.964    19.121     4.716 1.9
O    22.212    20.300     5.049 1.7
O    21.930    18.173     5.532 1.7
N    20.123    18.861     0.689 1.8
C    19.857    18.249    -0.617 1.9
C    18.706    18.837    -1.436 1.9
O    17.894    19.612    -0.926 1.7
C    19.577    16.756    -0.413 1.9
C    20.426    16.142     0.689 1.9
O    21.664    16.161     0.558 1.7
O    19.852    15.661     1.692 1.7
N    18.655    18.447    -2.711 1.8
C    17.617    18.870    -3.654 1.9
C    16.534    17.788    -3.700 1.9
O    16.807    16.637    -4.047 1.7
C    18.215    19.098    -5.066 1.9
O    19.138    20.193    -5.010 1.7
C    17.130    19.405    -6.106 1.9
N    15.320    18.149    -3.301 1.8
C    14.202    17.214    -3.273 1.9
C    13.107    17.691    -4.232 1.9
O    12.668    18.842    -4.171 1.7
C    13.620    17.083    -1.836 1.9
C    12.652    15.916    -1.758 1.9
C    14.739    16.917    -0.819 1.9
N    12.690    16.800    -5.121 1.8
C    11.662    17.077    -6.121 1.9
C    10.437    16.185    -5.875 1.9
O    10.564    15.068    -5.350 1.7
C    12.213    16.806    -7.544 1.9
C    13.443    17.677    -7.801 1.9
C    11.171    17.111    -8.597 1.9
C    13.158    19.154    -7.786 1.9
N     9.256    16.681    -6.245 1.8
C     8.016    15.933    -6.077 1.9
C     8.029    14.741    -7.012 1.9
O     8.729    14.743    -8.025 1.7
C     6.813    16.821    -6.387 1.9
C     6.565    17.890    -5.336 1.9
C     5.804    19.087    -5.872 1.9
O     5.289    19.029    -7.014 1.7
O     5.732    20.098    -5.145 1.7
N     7.219    13.745    -6.686 1.8
C     7.129    12.527    -7.470 1.9
C     7.072    12.736    -8.985 1.9
O     6.166    13.401    -9.498 1.7
C     5.917    11.723    -7.004 1.9
C     5.724    10.411    -7.734 1.9
C     6.898     9.470    -7.557 1.9
O     7.381     9.328    -6.411 1.7
O     7.333     8.874    -8.566 1.7
N     8.043    12.160    -9.689 1.8
C     8.127    12.231   -11.152 1.9
C     9.009    11.069   -11.640 1.9
O     9.568    10.331   -10.833 1.7
C     8.751    13.552   -11.597 1.9
C    10.215    13.671   -11.220 1.9
Z    11.045    15.084   -11.936 2.0
C    11.012    14.674   -13.678 1.9
N     9.197    10.937   -12.961 1.8
C     9.974     9.811   -13.490 1.9
C    11.357    10.329   -13.867 1.9
O    11.539    11.233   -14.678 1.7
C     9.279     9.230   -14.724 1.9
O    10.147     8.325   -15.390 1.7
N    12.384     9.641   -13.318 1.8
C    13.779     9.945   -13.629 1.9
C    14.491     8.661   -14.075 1.9
O    14.210     7.577   -13.564 1.7
C    14.488    10.570   -12.418 1.9
C    14.086    11.989   -11.990 1.9
C    14.897    12.419   -10.782 1.9
C    14.310    12.957   -13.129 1.9
N    15.379     8.763   -15.078 1.8
C    16.132     7.619   -15.606 1.9
C    17.218     7.097   -14.661 1.9
O    17.665     7.805   -13.753 1.7
C    16.737     8.188   -16.889 1.9
C    16.966     9.623   -16.536 1.9
C    15.667     9.977   -15.859 1.9
N    17.639     5.853   -14.878 1.8
C    18.678     5.269   -14.050 1.9
C    18.201     4.585   -12.785 1.9
O    17.006     4.542   -12.486 1.7
N    19.148     3.997   -12.065 1.8
C    18.858     3.300   -10.823 1.9
C    18.802     4.312    -9.704 1.9
O    19.267     5.439    -9.864 1.7
C    19.943     2.255   -10.536 1.9
C    19.987     1.124   -11.569 1.9
C    20.997     0.047   -11.205 1.9
N    20.755    -0.535    -9.884 1.8
C    19.818    -1.447    -9.615 1.9
N    19.017    -1.905   -10.569 1.8
N    19.684    -1.903    -8.379 1.8
N    18.221     3.922    -8.575 1.8
C    18.132     4.808    -7.434 1.9
C    18.490     4.038    -6.180 1.9
O    18.482     2.811    -6.180 1.7
C    16.739     5.444    -7.328 1.9
C    15.572     4.490    -7.167 1.9
C    14.841     3.912    -8.172 1.9
C    14.967     4.075    -5.945 1.9
N    13.814     3.176    -7.635 1.8
C    13.864     3.257    -6.273 1.9
C    15.243     4.326    -4.589 1.9
C    13.042     2.681    -5.301 1.9
C    14.425     3.751    -3.623 1.9
C    13.331     2.938    -3.986 1.9
N    18.878     4.761    -5.140 1.8
C    19.255     4.173    -3.865 1.9
C    18.311     4.760    -2.819 1.9
O    17.693     5.802    -3.060 1.7
C    20.710     4.545    -3.521 1.9
C    21.725     4.125    -4.573 1.9
C    23.150     4.542    -4.216 1.9
C    23.354     6.041    -4.344 1.9
N    24.788     6.425    -4.179 1.8
N    18.139     4.073    -1.676 1.8
C    17.255     4.559    -0.611 1.9
C    17.920     5.701     0.163 1.9
O    19.149     5.758     0.266 1.7
C    17.056     3.317     0.258 1.9
C    18.384     2.606     0.128 1.9
C    18.682     2.738    -1.348 1.9
N    17.107     6.595     0.715 1.8
C    17.611     7.737     1.465 1.9
C    16.501     8.271     2.365 1.9
O    15.338     8.326     1.974 1.7
C    18.068     8.821     0.487 1.9
C    18.438    10.152     1.096 1.9
C    19.798    10.119     1.724 1.9
C    20.480    11.460     1.548 1.9
N    21.916    11.340     1.906 1.8
N    16.866     8.633     3.583 1.8
C    15.917     9.161     4.542 1.9
C    16.350    10.594     4.793 1.9
O    17.537    10.848     4.991 1.7
C    16.021     8.371     5.844 1.9
C    14.966     8.705     6.872 1.9
Z    13.728     7.410     6.918 2.0
C    14.207     6.557     8.437 1.9
N    15.412    11.535     4.742 1.8
C    15.742    12.932     4.992 1.9
C    14.832    13.491     6.077 1.9
O    13.681    13.068     6.207 1.7
C    15.672    13.795     3.703 1.9
C    14.260    13.803     3.118 1.9
C    16.678    13.283     2.686 1.9
C    14.131    14.632     1.853 1.9
N    15.379    14.381     6.899 1.8
C    14.608    14.977     7.972 1.9
C    14.217    16.401     7.645 1.9
O    14.936    17.093     6.933 1.7
N    13.064    16.827     8.152 1.8
C    12.579    18.174     7.918 1.9
C    11.950    18.706     9.189 1.9
O    12.122    18.128    10.262 1.7
N    11.166    19.768     9.065 1.8
C    10.519    20.381    10.214 1.9
C     9.520    19.440    10.882 1.9
O     9.485    19.338    12.107 1.7
C     9.818    21.719     9.808 1.9
C     9.527    22.571    11.042 1.9
C     8.539    21.460     9.024 1.9
C    10.732    23.288    11.557 1.9
N     8.764    18.702    10.073 1.8
C     7.754    17.806    10.612 1.9
C     8.164    16.385    10.946 1.9
O     7.416    15.669    11.607 1.7
N     9.328    15.961    10.472 1.8
C     9.785    14.613    10.747 1.9
C    10.621    14.081     9.603 1.9
O    11.228    14.855     8.863 1.7
N    10.608    12.767     9.408 1.8
C    11.399    12.162     8.350 1.9
C    10.548    11.571     7.254 1.9
O     9.410    11.164     7.487 1.7
C    12.299    11.064     8.920 1.9
C    13.259    11.550     9.961 1.9
C    12.874    11.634    11.294 1.9
C    14.542    11.951     9.607 1.9
C    13.756    12.116    12.264 1.9
C    15.431    12.433    10.567 1.9
C    15.036    12.517    11.897 1.9
N    11.089    11.568     6.043 1.8
C    10.403    10.982     4.907 1.9
C    11.425    10.159     4.133 1.9
O    12.633    10.367     4.269 1.7
C     9.739    12.031     3.963 1.9
C    10.789    12.845     3.213 1.9
C     8.800    12.948     4.742 1.9
C    10.209    13.641     2.072 1.9
N    10.931     9.171     3.396 1.8
C    11.772     8.306     2.587 1.9
C    11.759     8.884     1.190 1.9
O    10.716     9.334     0.709 1.7
C    11.215     6.874     2.565 1.9
C    11.441     6.083     3.851 1.9
C    12.931     5.845     4.097 1.9
C    13.557     4.998     2.987 1.9
N    15.024     4.802     3.152 1.8
N    12.915     8.891     0.542 1.8
C    13.019     9.429    -0.807 1.9
C    13.888     8.506    -1.648 1.9
O    14.567     7.628    -1.113 1.7
C    13.638    10.861    -0.805 1.9
C    12.708    11.842    -0.125 1.9
C    14.980    10.861    -0.101 1.9
N    13.797     8.651    -2.963 1.8
C    14.597     7.866    -3.890 1.9
C    15.748     8.773    -4.346 1.9
O    15.509     9.912    -4.744 1.7
C    13.751     7.456    -5.094 1.9
C    12.380     6.908    -4.711 1.9
C    11.811     5.988    -5.772 1.9
N    11.702     6.614    -7.084 1.8
C    10.712     7.424    -7.455 1.9
N     9.732     7.728    -6.608 1.8
N    10.685     7.901    -8.692 1.8
N    16.980     8.273    -4.305 1.8
C    18.137     9.068    -4.696 1.9
C    18.655     8.758    -6.091 1.9
O    19.040     7.625    -6.369 1.7
C    19.249     8.882    -3.664 1.9
C    20.565     9.526    -4.024 1.9
C    21.577     9.415    -2.907 1.9
O    21.217     9.359    -1.732 1.7
N    22.852     9.383    -3.265 1.8
N    18.647     9.763    -6.965 1.8
C    19.136     9.638    -8.340 1.9
C    20.415    10.463    -8.455 1.9
O    20.425    11.648    -8.110 1.7
C    18.099    10.170    -9.338 1.9
C    16.836     9.330    -9.424 1.9
C    15.828     9.449    -8.462 1.9
C    16.674     8.382   -10.437 1.9
C    14.694     8.639    -8.500 1.9
C    15.544     7.567   -10.486 1.9
C    14.562     7.699    -9.512 1.9
O    13.464     6.870    -9.523 1.7
N    21.499     9.839    -8.901 1.8
C    22.764    10.549    -9.050 1.9
C    22.963    11.048   -10.470 1.9
O    22.348    10.550   -11.422 1.7
C    23.957     9.660    -8.663 1.9
C    23.947     9.261    -7.196 1.9
O    23.238     9.910    -6.401 1.7
O    24.653     8.294    -6.833 1.7
N    23.798    12.073   -10.589 1.8
C    24.146    12.649   -11.869 1.9
C    22.949    13.001   -12.754 1.9
O    22.891    12.612   -13.923 1.7
C    25.092    11.693   -12.590 1.9
C    26.219    12.367   -13.337 1.9
C    27.339    11.402   -13.620 1.9
O    27.721    10.618   -12.745 1.7
N    27.871    11.439   -14.834 1.8
N    22.012    13.764   -12.204 1.8
C    20.834    14.179   -12.958 1.9
C    21.028    15.603   -13.473 1.9
O    21.426    16.501   -12.727 1.7
C    19.547    14.118   -12.085 1.9
C    19.265    12.676   -11.654 1.9
C    18.345    14.686   -12.845 1.9
C    18.993    11.722   -12.805 1.9
N    20.781    15.790   -14.759 1.8
C    20.902    17.095   -15.379 1.9
C    19.670    17.925   -15.018 1.9
O    18.535    17.497   -15.231 1.7
C    20.988    16.958   -16.900 1.9
C    22.221    16.130   -17.273 1.9
C    21.032    18.321   -17.548 1.9
C    22.322    15.798   -18.753 1.9
N    19.898    19.116   -14.480 1.8
C    18.811    20.004   -14.082 1.9
C    19.210    21.460   -14.280 1.9
O    20.250    21.902   -13.794 1.7
C    18.411    19.753   -12.611 1.9
C    17.365    20.765   -12.152 1.9
C    19.648    19.760   -11.714 1.9
C    16.858    20.487   -10.748 1.9
N    18.396    22.181   -15.043 1.8
C    18.625    23.597   -15.335 1.9
C    17.933    24.460   -14.276 1.9
O    16.717    24.390   -14.112 1.7
C    18.068    23.933   -16.719 1.9
C    18.209    25.383   -17.111 1.9
C    19.368    25.623   -18.044 1.9
O    20.527    25.516   -17.592 1.7
O    19.114    25.918   -19.233 1.7
N    18.711    25.231   -13.529 1.8
C    18.155    26.087   -12.492 1.9
C    18.394    27.543   -12.855 1.9
O    19.544    27.998   -12.892 1.7
C    18.814    25.825   -11.117 1.9
C    18.770    24.337   -10.779 1.9
C    18.112    26.633   -10.027 1.9
C    19.746    23.935    -9.702 1.9
N    17.319    28.248   -13.202 1.8
C    17.406    29.667   -13.523 1.9
C    18.447    29.949   -14.613 1.9
O    19.285    30.842   -14.462 1.7
C    17.789    30.412   -12.243 1.9
Z    16.805    31.842   -11.864 2.0
N    18.426    29.162   -15.686 1.8
C    19.385    29.353   -16.765 1.9
C    20.753    28.705   -16.569 1.9
O    21.535    28.609   -17.512 1.7
N    21.065    28.282   -15.350 1.8
C    22.345    27.641   -15.073 1.9
C    22.182    26.132   -15.076 1.9
O    21.243    25.610   -14.486 1.7
C    22.870    28.085   -13.715 1.9
C    23.147    29.551   -13.631 1.9
N    24.421    30.058   -13.499 1.8
C    22.319    30.621   -13.686 1.9
C    24.369    31.377   -13.482 1.9
N    23.105    31.743   -13.593 1.8
N    23.084    25.427   -15.745 1.8
C    23.007    23.973   -15.798 1.9
C    23.800    23.344   -14.656 1.9
O    24.960    23.690   -14.424 1.7
C    23.522    23.463   -17.150 1.9
C    23.385    21.956   -17.372 1.9
C    21.927    21.524   -17.478 1.9
C    21.260    22.015   -18.769 1.9
N    19.811    21.630   -18.849 1.8
N    23.135    22.480   -13.898 1.8
C    23.748    21.755   -12.794 1.9
C    23.520    20.267   -13.087 1.9
O    22.564    19.905   -13.783 1.7
C    23.099    22.138   -11.477 1.9
N    24.427    19.418   -12.609 1.8
C    24.326    17.974   -12.805 1.9
C    24.729    17.371   -11.474 1.9
O    25.889    17.457   -11.072 1.7
C    25.279    17.458   -13.918 1.9
C    25.109    18.283   -15.197 1.9
C    24.983    15.979   -14.226 1.9
C    25.937    17.798   -16.359 1.9
N    23.769    16.806   -10.756 1.8
C    24.095    16.244    -9.461 1.9
C    23.024    15.337    -8.908 1.9
O    22.189    14.831    -9.650 1.7
N    23.055    15.142    -7.597 1.8
C    22.109    14.282    -6.907 1.9
C    20.746    14.949    -6.721 1.9
O    20.657    16.082    -6.229 1.7
C    22.664    13.881    -5.525 1.9
O    23.948    13.265    -5.690 1.7
C    21.718    12.918    -4.814 1.9
N    19.691    14.238    -7.116 1.8
C    18.317    14.721    -6.986 1.9
C    17.531    13.663    -6.214 1.9
O    17.625    12.472    -6.511 1.7
C    17.653    14.960    -8.375 1.9
C    16.180    15.272    -8.207 1.9
C    18.332    16.118    -9.104 1.9
N    16.810    14.086    -5.185 1.8
C    16.015    13.166    -4.384 1.9
C    14.553    13.346    -4.800 1.9
O    14.111    14.475    -5.028 1.7
C    16.194    13.460    -2.886 1.9
C    17.610    13.506    -2.290 1.9
C    17.522    13.833    -0.817 1.9
C    18.355    12.186    -2.484 1.9
N    13.834    12.236    -4.974 1.8
C    12.420    12.259    -5.360 1.9
C    11.595    11.660    -4.217 1.9
O    11.914    10.585    -3.709 1.7
C    12.171    11.466    -6.672 1.9
C    10.685    11.477    -7.039 1.9
C    12.973    12.073    -7.804 1.9
N    10.560    12.374    -3.792 1.8
C     9.738    11.898    -2.694 1.9
C     8.602    12.846    -2.355 1.9
O     8.430    13.873    -3.022 1.7
N     7.837    12.555    -1.287 1.8
C     6.701    13.371    -0.847 1.9
C     7.034    14.710    -0.177 1.9
O     6.808    14.884     1.021 1.7
C     5.972    12.429     0.106 1.9
C     7.105    11.706     0.764 1.9
C     8.019    11.389    -0.398 1.9
N     7.563    15.650    -0.953 1.8
C     7.893    16.979    -0.446 1.9
C     6.778    17.971    -0.790 1.9
O     6.197    17.903    -1.881 1.7
C     9.225    17.517    -1.046 1.9
O     9.466    18.837    -0.546 1.7
C     9.171    17.576    -2.567 1.9
N     6.465    18.902     0.136 1.8
C     5.421    19.921    -0.050 1.9
C     5.640    20.754    -1.310 1.9
O     4.687    21.106    -2.008 1.7
C     5.564    20.782     1.202 1.9
C     5.992    19.808     2.230 1.9
C     7.020    18.977     1.501 1.9
N     6.898    21.091    -1.578 1.8
C     7.266    21.885    -2.752 1.9
C     8.646    21.439    -3.233 1.9
O     9.411    20.860    -2.462 1.7
C     7.334    23.419    -2.440 1.9
C     6.026    23.917    -1.828 1.9
C     8.492    23.719    -1.523 1.9
N     8.955    21.693    -4.498 1.8
C    10.262    21.323    -5.049 1.9
C    11.296    22.254    -4.405 1.9
O    11.064    23.464    -4.332 1.7
C    10.280    21.517    -6.568 1.9
C     9.308    20.605    -7.292 1.9
O     9.098    19.461    -6.892 1.7
N     8.714    21.106    -8.369 1.8
N    12.399    21.702    -3.898 1.8
C    13.435    22.520    -3.265 1.9
C    14.841    22.280    -3.835 1.9
O    15.246    21.141    -4.066 1.7
C    13.481    22.344    -1.700 1.9
C    13.930    20.938    -1.308 1.9
C    12.126    22.655    -1.071 1.9
C    14.057    20.741     0.197 1.9
N    15.560    23.366    -4.100 1.8
C    16.922    23.293    -4.616 1.9
C    17.812    23.470    -3.392 1.9
O    17.822    24.543    -2.775 1.7
C    17.196    24.414    -5.647 1.9
C    16.223    24.287    -6.827 1.9
C    18.639    24.365    -6.130 1.9
C    16.282    22.931    -7.555 1.9
N    18.473    22.388    -2.992 1.8
C    19.336    22.420    -1.826 1.9
C    20.751    22.874    -2.118 1.9
O    21.123    23.081    -3.276 1.7
N    21.556    22.981    -1.064 1.8
C    22.947    23.428    -1.178 1.9
C    23.811    22.642    -2.164 1.9
O    24.701    23.217    -2.796 1.7
C    23.613    23.474     0.204 1.9
C    22.964    24.459     1.180 1.9
C    23.703    24.548     2.520 1.9
N    23.705    23.286     3.255 1.8
C    24.688    22.394     3.200 1.9
N    25.761    22.630     2.459 1.8
N    24.607    21.270     3.895 1.8
N    23.509    21.360    -2.359 1.8
C    24.291    20.535    -3.270 1.9
C    24.293    21.103    -4.688 1.9
O    25.308    21.025    -5.385 1.7
C    23.822    19.068    -3.253 1.9
C    22.506    18.852    -3.983 1.9
O    21.479    19.421    -3.615 1.7
N    22.528    18.018    -5.019 1.8
N    23.181    21.707    -5.108 1.8
C    23.103    22.294    -6.447 1.9
C    23.281    23.812    -6.423 1.9
O    23.688    24.399    -7.419 1.7
C    21.788    21.936    -7.135 1.9
C    21.500    20.454    -7.358 1.9
C    20.271    20.316    -8.254 1.9
C    22.712    19.774    -7.994 1.9
N    22.978    24.443    -5.290 1.8
C    23.145    25.885    -5.165 1.9
C    24.632    26.210    -5.311 1.9
O    24.993    27.245    -5.865 1.7
C    22.624    26.394    -3.817 1.9
C    21.120    26.293    -3.542 1.9
C    20.844    26.814    -2.149 1.9
C    20.311    27.052    -4.596 1.9
N    25.493    25.316    -4.831 1.8
C    26.931    25.529    -4.949 1.9
C    27.356    25.395    -6.409 1.9
O    28.267    26.094    -6.862 1.7
C    27.746    24.547    -4.073 1.9
O    27.337    23.199    -4.338 1.7
C    27.556    24.860    -2.595 1.9
N    26.679    24.522    -7.155 1.8
C    27.001    24.329    -8.565 1.9
C    26.729    25.555    -9.419 1.9
O    27.448    25.810   -10.388 1.7
C    26.265    23.126    -9.146 1.9
C    26.765    21.811    -8.611 1.9
C    26.534    20.658    -9.568 1.9
O    26.344    20.846   -10.771 1.7
N    26.539    19.453    -9.030 1.8
N    25.697    26.313    -9.061 1.8
C    25.357    27.518    -9.802 1.9
C    26.043    28.744    -9.195 1.9
O    25.819    29.864    -9.634 1.7
C    23.823    27.727    -9.891 1.9
C    23.231    27.979    -8.505 1.9
C    23.168    26.500   -10.523 1.9
C    21.774    28.344    -8.533 1.9
N    26.860    28.517    -8.171 1.8
C    27.610    29.589    -7.540 1.9
C    26.793    30.562    -6.721 1.9
O    27.087    31.760    -6.697 1.7
N    25.805    30.037    -6.003 1.8
C    24.921    30.841    -5.174 1.9
C    25.455    31.018    -3.755 1.9
O    25.924    30.060    -3.132 1.7
C    23.533    30.198    -5.146 1.9
Z    22.270    31.128    -4.258 2.0
N    25.363    32.246    -3.248 1.8
C    25.820    32.590    -1.907 1.9
C    24.786    33.493    -1.250 1.9
O    23.915    34.054    -1.930 1.7
C    27.133    33.420    -1.946 1.9
O    26.943    34.570    -2.783 1.7
C    28.299    32.600    -2.467 1.9
N    24.877    33.607     0.071 1.8
C    24.014    34.486     0.852 1.9
C    24.883    35.719     1.115 1.9
O    26.086    35.592     1.356 1.7
C    23.630    33.836     2.186 1.9
C    22.525    32.783     2.144 1.9
C    22.445    32.108     3.483 1.9
C    21.190    33.430     1.788 1.9
N    24.289    36.905     1.068 1.8
C    25.048    38.130     1.273 1.9
C    24.275    39.152     2.074 1.9
O    23.081    39.347     1.855 1.7
C    25.396    38.765    -0.071 1.9
C    26.264    37.889    -0.925 1.9
O    27.482    38.064    -0.975 1.7
N    25.651    36.939    -1.611 1.8
N    24.967    39.823     2.982 1.8
C    24.364    40.870     3.795 1.9
C    25.439    41.728     4.477 1.9
O    26.619    41.605     4.078 1.7
C    23.352    40.290     4.801 1.9
C    23.954    39.429     5.872 1.9
C    24.114    38.063     5.679 1.9
C    24.308    39.977     7.099 1.9
C    24.616    37.256     6.696 1.9
C    24.812    39.183     8.122 1.9
C    24.966    37.819     7.925 1.9
O    25.103    42.535     5.372 1.7
O    16.171    42.612     2.420 1.7
O    20.095    44.444     0.287 1.7
O    22.577    44.569     5.456 1.7
O    22.381    41.713     0.381 1.7
O    25.103    42.530    -0.125 1.7
O    31.322    41.804     6.624 1.7
O    28.237    41.153    10.029 1.7
O    24.105    46.086    11.915 1.7
O    22.524    46.039    14.489 1.7
O    25.256    38.439    15.980 1.7
O    24.372    37.565    18.116 1.7
O    25.698    38.539    20.141 1.7
O    25.960    40.882    21.656 1.7
O    25.788    37.839    25.431 1.7
O    23.173    32.573    26.787 1.7
O    13.325    38.760    26.206 1.7
O    18.542    34.315    30.475 1.7
O    19.504    42.538    21.083 1.7
O    12.183    38.844    23.995 1.7
O    10.520    35.131    29.068 1.7
O     5.570    38.257    29.743 1.7
O     1.248    36.418    28.474 1.7
O    -0.882    33.504    25.578 1.7
O    -3.085    31.688    23.912 1.7
O    -5.919    30.921    18.808 1.7
O    -4.342    30.717    16.571 1.7
O    -1.536    27.593    11.769 1.7
O     4.198    28.951     7.758 1.7
O     7.812    35.934     5.742 1.7
O     9.659    39.903     5.457 1.7
O     8.019    42.205     5.407 1.7
O     6.022    36.253     2.016 1.7
O     4.538    33.145     3.279 1.7
O     3.493    19.305    17.131 1.7
O     0.912    18.335    16.235 1.7
O     0.761    17.448    13.566 1.7
O     1.334    16.153     9.653 1.7
O     3.618    15.832    11.377 1.7
O     7.003    12.098     9.464 1.7
O     6.804    15.665     3.646 1.7
O    27.119    21.393    -0.505 1.7
O    33.672    18.809     4.425 1.7
O    27.395    21.522     7.084 1.7
O    27.709    22.031     9.701 1.7
O    24.796    21.438    11.602 1.7
O    22.536    21.806    13.214 1.7
O    20.321    24.713    15.876 1.7
O    18.394    26.242    21.295 1.7
O    16.020    27.212    22.421 1.7
O    12.934    22.021    21.048 1.7
O    13.534    20.234    19.139 1.7
O    21.738    26.728    19.801 1.7
O     8.284    33.614    12.371 1.7
O     6.372    35.689     9.043 1.7
O     3.587    34.341    11.682 1.7
O     7.433    39.236    11.093 1.7
O     5.929    40.651    14.856 1.7
O     7.067    43.252    14.485 1.7
O     1.806    42.648    17.780 1.7
O     0.587    39.437    19.622 1.7
O    -0.864    37.133    20.326 1.7
O     1.148    36.059    18.776 1.7
O    24.844    15.110     7.376 1.7
O     5.150    39.251    21.923 1.7
O     3.169    41.594    20.694 1.7
O     3.142    40.761    23.405 1.7
O     4.925    34.225    27.735 1.7
O     6.864    28.853    28.564 1.7
O    14.165    38.948    22.487 1.7
O    13.941    29.775    28.207 1.7
O    15.846    27.158    29.421 1.7
O    18.611    39.209    23.753 1.7
O    18.091    39.957    21.358 1.7
O    20.448    45.284     9.668 1.7
O    13.595    44.816    11.929 1.7
O    16.280    45.392    11.175 1.7
O    11.837    41.438    21.969 1.7
O    -3.034    38.519    18.352 1.7
O     0.112    38.299    14.844 1.7
O    -2.645    45.228    27.724 1.7
O     1.543    25.503    21.121 1.7
O     3.914    24.445    21.979 1.7
O     4.077    22.069    20.385 1.7
O    -4.325    24.981    20.471 1.7
O     8.848    28.866     2.119 1.7
O    10.678    30.655     1.467 1.7
O    22.424    11.294     8.755 1.7
O    27.012    31.963   -10.783 1.7
O    33.790    29.428    -3.153 1.7
O    32.748    33.863    -0.851 1.7
O    32.740    33.432     1.797 1.7
O    31.524    31.347     3.490 1.7
O    30.496    27.281     2.971 1.7
O    27.639    28.209     4.775 1.7
O    28.659    28.703     7.223 1.7
O    28.270    24.689     9.182 1.7
O    31.161    20.679     0.815 1.7
O     0.567    27.967     8.795 1.7
O    29.157    29.249   -11.181 1.7
O    28.760    30.889    14.193 1.7
O    28.106    33.576    13.479 1.7
O    31.689    33.917     5.467 1.7
O    32.640    37.345     3.452 1.7
O    33.284    37.596    -4.098 1.7
O    24.039    39.700    -7.570 1.7
O    25.670    41.909    -2.849 1.7
O     6.159    22.663   -10.650 1.7
O     7.800    13.170   -15.450 1.7
O     4.289    11.044     2.784 1.7
O     4.472     7.045    -5.663 1.7
O    10.525     6.504   -11.941 1.7
O    12.820     4.977   -11.434 1.7
O    14.646     4.920   -13.451 1.7
O    28.549    13.600   -10.507 1.7
O    16.704     4.423   -17.239 1.7
O    21.356     7.711   -16.253 1.7
O    25.324    12.314    -3.404 1.7
O    20.127     8.000   -12.138 1.7
O    21.313     7.126    -9.879 1.7
O    21.679     6.604    -7.215 1.7
O    23.837    -1.536    -9.854 1.7
O    21.174     1.378    -6.715 1.7
O    21.683     4.026   -13.435 1.7
O    19.651    13.428   -16.255 1.7
O    16.862    13.449   -16.521 1.7
O    17.067    16.306   -17.053 1.7
O    16.912    19.551   -18.438 1.7
O    24.459    16.183     4.032 1.7
O    15.030    21.107   -23.071 1.7
O     2.429    16.858    -8.564 1.7
O    11.190    20.344   -23.585 1.7
O     1.593    18.177    -6.647 1.7
O     7.346    22.074   -19.751 1.7
O     7.648    18.814   -20.861 1.7
O     5.291    26.285   -16.882 1.7
O     6.511    26.331   -14.432 1.7
O    27.049    22.061   -16.004 1.7
O    10.328    32.333   -13.383 1.7
O    12.989    31.835   -12.929 1.7
O    14.025    34.385   -11.025 1.7
O    13.093    34.625    -8.263 1.7
O    11.875    35.590    -6.058 1.7
O    12.285    36.220    -3.568 1.7
O    11.491    39.086    -2.751 1.7
O     9.768    40.800    -3.759 1.7
O    14.329    39.555    -6.101 1.7
O    16.499    39.207    -9.758 1.7
O    18.878    40.793   -10.392 1.7
O    17.553    42.938    -6.555 1.7
O    18.050    45.204    -3.226 1.7
O    15.447    44.614    -0.649 1.7
O    15.881    40.263     1.122 1.7
O    28.526    40.435     0.436 1.7
O    30.430    41.876     2.373 1.7
O     5.218    39.697    -0.610 1.7
O     6.561    40.705     2.165 1.7
O     4.473    33.794     0.680 1.7
O     5.842    34.408    -1.519 1.7
O     7.733    34.061    -5.168 1.7
O     4.676    27.789    -3.476 1.7
O     5.954    26.085    -5.735 1.7
O     7.183    23.515    -6.113 1.7
O     6.452    19.864    -9.488 1.7
O     7.926    17.036    -9.487 1.7
O     3.740    14.527    -7.943 1.7
O     4.667    15.964    -3.269 1.7
O    14.059    12.435   -17.550 1.7
O    10.058     3.847    -7.532 1.7
O    13.194    15.940    11.334 1.7
O    15.722    16.545    10.678 1.7
O     9.616     3.508    -4.012 1.7
O     5.132    15.923    13.633 1.7
O     9.614    11.718    12.219 1.7
O     8.384     8.232     4.681 1.7
O    11.216     4.754    -1.220 1.7
O    13.733     5.086    -0.019 1.7
O     8.926     8.430    -3.160 1.7
O     6.275    10.055    -4.094 1.7
O    12.370    15.849    13.877 1.7
O    22.309    15.478    -1.802 1.7
O    22.531    12.903    -1.195 1.7
O    20.125    16.132    -3.544 1.7
O    25.072    16.586    -5.986 1.7
O    26.818    18.706    -6.284 1.7
O    28.828    18.595    -4.485 1.7
O    28.357    20.974    -3.098 1.7
O    25.311    19.425     0.420 1.7
O    26.250    19.358     6.080 1.7
O    15.976    36.176   -11.673 1.7
O    19.598    10.813     8.678 1.7
O    13.484    27.096   -17.290 1.7
O    15.528    26.187   -19.237 1.7
O    19.946    28.177   -20.927 1.7
O    22.108    29.676   -20.437 1.7
O    22.942    26.257   -19.522 1.7
O    24.847    29.708   -16.532 1.7
O    26.850    28.756   -13.744 1.7
O    26.017    26.224   -13.422 1.7
O    28.953    32.979    -8.451 1.7
O    27.662    34.246    -5.388 1.7
O    28.188    28.814    -2.409 1.7
O    29.806    28.651    -4.813 1.7
O    21.765    24.011     4.915 1.7
O    20.515    21.913     6.250 1.7
O    19.982    11.264     4.656 1.7
O    25.208    12.945    -8.238 1.7
O    27.313    11.370    -7.923 1.7
O    26.195     9.347    -4.235 1.7
O    21.497     7.411     1.085 1.7
O    19.591     7.746     4.464 1.7
O    22.033    34.351   -14.512 1.7
O    11.794    38.339    -5.532 1.7
O     4.604    25.426   -12.679 1.7
O     3.240    26.136     7.098 1.7
O     2.466    27.866     4.093 1.7
O    11.004    21.155     6.538 1.7
