N    4.8410   27.5760    5.3100 1.8
C    5.7330   26.3940    5.1650 1.9
C    7.1740   26.7720    5.5040 1.9
O    7.6240   27.8870    5.2180 1.7
C    5.6380   25.8180    3.7500 1.9
C    5.8270   26.8460    2.6520 1.9
C    5.6250   26.2750    1.2620 1.9
O    4.6630   25.4970    1.0650 1.7
O    6.4250   26.6200    0.3630 1.7
N    7.8730   25.8560    6.1630 1.8
C    9.2580   26.0720    6.5600 1.9
C   10.1010   24.9180    6.0470 1.9
O   10.1820   23.8640    6.6820 1.7
C    9.3460   26.1960    8.0790 1.9
C    8.6490   27.4410    8.5880 1.9
O    9.2700   28.5180    8.5210 1.7
O    7.4740   27.3570    9.0120 1.7
N   10.6860   25.1150    4.8690 1.8
C   11.4980   24.0930    4.2260 1.9
C   12.9840   24.3990    4.2680 1.9
O   13.7840   23.4420    4.1920 1.7
C   11.0380   23.9220    2.7850 1.9
C    9.5830   23.4660    2.7700 1.9
C    8.8190   24.1970    1.7080 1.9
C    9.5210   21.9550    2.6020 1.9
O   13.3340   25.5920    4.3780 1.7
