Level1             Train_RMSD                    Train_Pearson                     Test_RMSD                      Test_Pearson          
               3       4       5       6       3       4       5       6       3       4       5       6       3       4       5       6
L001        4.10    2.77    2.61    2.60   0.119   0.245   0.278   0.278    4.29    2.91    2.74    2.72   0.117   0.345   0.426   0.433
L002        3.90    2.53    2.33    2.32   0.179   0.345   0.421   0.428    4.18    2.87    2.60    2.59   0.163   0.341   0.493   0.507
L003        3.84    2.43    2.24    2.23   0.191   0.388   0.474   0.484    3.82    2.70    2.47    2.43   0.261   0.447   0.590   0.616
L004        3.86    2.42    2.24    2.21   0.191   0.398   0.477   0.492    4.02    2.65    2.43    2.44   0.208   0.468   0.609   0.609
L005        3.85    2.41    2.22    2.20   0.210   0.417   0.492   0.505    4.04    2.67    2.40    2.39   0.243   0.473   0.629   0.634
L006        3.86    2.42    2.23    2.21   0.202   0.416   0.488   0.498    3.94    2.67    2.39    2.38   0.280   0.469   0.632   0.647
L007        3.85    2.42    2.23    2.21   0.197   0.406   0.489   0.500    4.02    2.63    2.51    2.49   0.219   0.490   0.580   0.594
L008        3.99    2.65    2.48    2.46   0.235   0.393   0.433   0.437    3.97    2.64    2.45    2.41   0.316   0.511   0.580   0.598
L009        3.97    2.63    2.45    2.43   0.241   0.394   0.439   0.444    4.08    2.79    2.61    2.59   0.262   0.446   0.502   0.510
L010        3.96    2.60    2.42    2.41   0.243   0.413   0.454   0.459    3.92    2.82    2.55    2.55   0.297   0.438   0.528   0.525
