  -2.9958    0.7752    0.4827 1.9
  -1.5548    1.1532    0.8217 1.9
  -3.0908    0.1992   -0.9323 1.9
  -2.9018    1.2272   -2.0303 1.9
  -3.1038    0.6562   -3.4203 1.9
   0.5292    0.4532    1.8777 1.9
   1.3722   -0.7008    1.3647 1.9
   0.6172    0.5772    3.3967 1.9
  -0.0798    1.8222    3.9057 1.9
   2.7692   -1.5258   -0.4563 1.9
   4.2552   -1.2198   -0.4143 1.9
   2.3092   -1.6968   -1.8973 1.9
   0.8542   -2.1528   -1.9123 1.9
   0.0902   -1.4218   -2.9743 1.9
   0.7922   -3.6638   -2.0803 1.9
