  18.9732   12.8132   -1.3553 1.7
  18.5192    6.6292   -3.5453 1.7
  18.1032   -0.8328   -4.0403 1.7
  18.1722   -0.0208   -0.2613 1.7
  17.7112    0.7232    3.0477 1.7
  14.6602    3.6692    3.7827 1.7
  17.9282    4.4372    6.1317 1.7
  15.2482    5.4582    9.7647 1.7
  15.5312    9.3522   10.8917 1.7
  18.7952    6.7072   12.1107 1.7
  13.6602    8.6052   14.8987 1.7
  10.1042   11.8722   15.1217 1.7
   8.6852    9.1692   18.8547 1.7
  11.8342    8.4592   18.1647 1.7
  14.0322    5.0742   18.1467 1.7
  14.5122    5.5602   13.5097 1.7
  12.1822    2.3072   11.7187 1.7
  17.5072    2.8122   10.1837 1.7
  18.0582    4.0802   11.8867 1.7
  13.4602    3.7622    7.4117 1.7
   9.8952    3.9362    4.8477 1.7
  11.1262    3.9342    0.9397 1.7
   6.3022    4.8442    0.5247 1.7
   6.6842    1.6522    0.2017 1.7
   6.2702    0.9152    2.2327 1.7
   4.8352    5.1042   -3.0563 1.7
   8.1882    4.3902   -3.9503 1.7
   2.3782    1.9612   -1.4803 1.7
   2.6792    5.9202    0.7567 1.7
   0.2032    7.9332    2.3967 1.7
  -1.2748    5.3122   -1.4733 1.7
  -3.1058    4.6032   -0.4803 1.7
   2.4942    5.3572    4.7947 1.7
  -2.7528    6.5392    4.5317 1.7
  -2.5398    4.3672    4.7427 1.7
   1.5032    5.7272    9.1817 1.7
   4.1042    8.3952    6.8517 1.7
   4.9062    2.4462   10.1167 1.7
   3.0322    1.4432   13.9717 1.7
   4.6292    1.2472   16.7557 1.7
   8.6832   -2.3628   15.2307 1.7
   8.6222   -2.9938   13.1247 1.7
  -0.4228   -2.7548   17.7857 1.7
  -0.5638   -0.6088   18.2317 1.7
  -6.0618   10.7762   18.0837 1.7
  -9.5198    7.4902   17.8857 1.7
  -8.2308    5.2632   14.0027 1.7
 -10.5058    3.8332   11.9547 1.7
  -7.6018    0.2192   10.7727 1.7
  -7.6148    0.4032    6.0957 1.7
  -4.4438   -2.8758    5.9087 1.7
  -2.6128   -1.9478    1.8217 1.7
  -2.0248   -6.5618    0.7777 1.7
   0.4932   -8.0258    2.6427 1.7
  -2.7758  -10.6138    4.0147 1.7
  -3.4598   -6.2288    3.7657 1.7
  -4.8228   -7.1178    7.7707 1.7
  -5.3818   -2.6538    9.2777 1.7
  -4.3868   -2.3128   13.2787 1.7
  -6.3928    1.8212   13.5397 1.7
  -3.2138    4.8852   14.2607 1.7
  -5.8528    8.4222   14.7247 1.7
  -7.7538    7.8732   10.0937 1.7
  -2.4438   10.6542   12.9357 1.7
  -2.3598   14.2142   14.9447 1.7
  -5.3828   11.9912   11.2587 1.7
  -7.0048   12.8472   12.4637 1.7
   0.1102   16.2322   15.2807 1.7
  -3.9918   18.9822   14.3487 1.7
   3.2332   14.5722   12.7527 1.7
   6.3332   13.6562   15.1517 1.7
   9.1442   14.9702   11.5457 1.7
  12.4532   11.9212   11.8757 1.7
  15.1872   15.1972   14.6247 1.7
  15.4822   16.9572   13.3397 1.7
  14.2482   13.7952    7.6977 1.7
  17.5542   15.0632    7.7737 1.7
  15.9872   18.4452    9.4447 1.7
  12.0132   15.9712    9.1767 1.7
   9.5232   18.7902    8.4817 1.7
   6.3572   16.5742   11.2097 1.7
   2.4762   16.6112    8.3367 1.7
   0.4892   13.3622   11.3337 1.7
   0.4222   10.0962    9.2897 1.7
  -3.3678   12.2412    9.0357 1.7
  -1.1238    7.6742   13.0437 1.7
   1.0592    4.0122   12.3407 1.7
  -1.7978    1.4112   14.9107 1.7
   1.8342   -1.7328   14.2017 1.7
   1.6572   -5.5298   11.8137 1.7
   5.0962   -4.0268   12.1947 1.7
   4.2082   -2.0548    9.1387 1.7
   8.4692   -5.2008   11.0047 1.7
   6.7632   -1.0168    9.2917 1.7
   9.3352    1.4232    8.2607 1.7
   7.7762    1.2312   13.1837 1.7
   5.9342    4.6512    7.6107 1.7
   7.2912    6.2372    3.5787 1.7
   5.2442    9.1862    3.1637 1.7
   3.7232   11.8692    1.0557 1.7
   2.8112   13.7082    4.1757 1.7
   2.1352    9.5382    5.1907 1.7
   7.2212   13.7142    4.1337 1.7
   8.6942   13.7362    1.0047 1.7
   7.3772   16.9232    0.5057 1.7
   3.9672   15.0122    0.9687 1.7
   8.6162   18.5632    3.5137 1.7
   3.5432   17.9882    2.7767 1.7
  12.3022   17.0922    1.9007 1.7
  12.1292   16.1942   -2.0653 1.7
   9.5682   13.3072   -2.8553 1.7
  12.8692   10.9312   -4.9753 1.7
  12.7252   14.1152   -6.1183 1.7
  12.0942   11.0132   -9.2903 1.7
  15.9732    8.3312  -10.0653 1.7
  14.7122   13.5842   -9.7383 1.7
  15.3912   10.0682  -14.4823 1.7
  16.5522    8.3662  -15.2353 1.7
  12.9322   11.4272  -12.8473 1.7
   9.1772   13.6812  -12.0243 1.7
  13.2822   16.4172   -8.6443 1.7
   8.8252   12.0222   -7.5613 1.7
   5.4812   11.9352   -7.0863 1.7
   5.1572   15.3172   -7.8183 1.7
   2.9752   11.7132   -2.9523 1.7
  -0.4488   12.9132   -3.7023 1.7
   1.9672    9.8822   -5.9813 1.7
   1.2452    7.7102   -8.6353 1.7
   4.4872    4.8482   -9.4173 1.7
   2.6002    6.2302  -12.8873 1.7
   2.7622    2.2302  -14.8703 1.7
   5.4922    1.9512  -18.0343 1.7
   1.6352    3.8392  -18.7373 1.7
   1.4292   -0.5528  -17.0433 1.7
   0.3742   -1.5648  -12.9463 1.7
  -0.4038    3.6622  -14.8053 1.7
  -0.5068    2.9162  -16.8713 1.7
   3.4122    1.7952  -11.4893 1.7
   5.6682    0.2582   -8.1213 1.7
   7.1662    3.4582   -6.1303 1.7
   9.7942   -0.1748   -4.3063 1.7
   7.0772    0.3122   -2.2153 1.7
   5.8062   -1.3228   -2.8933 1.7
  11.9272    0.5062   -1.0333 1.7
  10.8422    3.7992   -1.5143 1.7
   9.3422   -2.4208    0.6047 1.7
  11.6482   -3.2428   -3.3063 1.7
  13.4242   -5.9318   -4.5403 1.7
  13.4832   -5.3188    0.3667 1.7
  13.2012   -7.4458    0.8497 1.7
   9.1652   -6.0068   -5.6083 1.7
  12.9352   -9.4578   -4.1243 1.7
  11.1232   -9.9578   -2.9903 1.7
   8.0782   -8.9818   -8.7293 1.7
  10.4092   -5.4258   -9.6923 1.7
   3.9392   -6.7768   -8.8533 1.7
   1.8352  -10.5508  -10.0323 1.7
   0.0002  -10.8758  -12.7073 1.7
  -3.4398   -6.5898  -11.6963 1.7
  -2.9968   -5.5208   -9.8273 1.7
  -2.5628  -12.2178  -14.1803 1.7
  -1.3478  -16.2908  -11.0933 1.7
  -1.3958  -16.7448  -13.2483 1.7
   0.8392  -15.2878  -15.5153 1.7
   5.4812  -18.0418  -18.2463 1.7
   8.9362  -17.8138  -18.4353 1.7
   6.6092  -17.2928   -2.7083 1.7
   8.8082  -14.7708    0.3087 1.7
   4.9522  -12.5508    1.5247 1.7
   6.2072   -8.5258    2.2507 1.7
   3.3932   -7.4908    5.5797 1.7
   0.7562   -6.2808    7.4247 1.7
  -1.3128   -9.9498    6.9247 1.7
   2.4992  -10.7638    4.1807 1.7
   0.6812  -14.4548    2.8047 1.7
   3.9042  -15.2518   -0.4133 1.7
   1.9872  -16.2848   -3.9733 1.7
   5.8382  -17.9908   -5.7953 1.7
   6.7802  -15.7068   -9.4263 1.7
  10.3112  -17.9938  -11.0513 1.7
  12.4882  -16.2598   -6.4143 1.7
  11.6962  -13.9708  -12.7923 1.7
   4.7352  -18.7488  -14.2053 1.7
  13.6192  -15.0688  -16.1043 1.7
  14.5092  -15.7088  -11.0833 1.7
  15.9242  -17.3248  -11.5153 1.7
  14.1622  -13.0068  -18.6053 1.7
  18.9922  -15.0008  -17.4273 1.7
  12.6972   -9.1178  -17.4093 1.7
  11.5212   -3.7168  -18.4763 1.7
   7.9882   -1.2288  -18.7943 1.7
  10.8152    2.3792  -17.5743 1.7
  13.8352   -5.7138  -18.4653 1.7
  17.1602   -8.1618  -15.7543 1.7
  13.4602  -10.7878  -14.3323 1.7
  11.9282   -9.5368  -10.9113 1.7
  15.2192  -12.3538  -10.3723 1.7
   8.8962  -13.1468  -11.1933 1.7
   5.3822  -11.1438   -9.7103 1.7
   3.1852  -15.0338   -8.3913 1.7
  -0.2988  -11.7458   -7.7043 1.7
  -1.9208  -10.7348   -3.6613 1.7
  -2.5318   -7.7158   -6.5633 1.7
   0.7372   -6.7818   -5.2283 1.7
  -4.0418   -4.5128   -6.6903 1.7
   0.6822   -4.7588   -7.1443 1.7
   2.3352   -2.1548   -9.0143 1.7
   0.3692   -6.1578  -11.5743 1.7
   6.5172   -4.4778   -8.7483 1.7
   9.0932   -1.0758   -7.4573 1.7
  12.3942   -2.5378   -7.9583 1.7
  15.9722   -2.4018   -7.4783 1.7
  16.5792   -4.5938  -10.0673 1.7
  12.7502   -6.1978   -8.2973 1.7
  14.9592   -1.2198  -12.1013 1.7
  16.2642    1.6262  -10.5473 1.7
  18.6082   -2.4198   -9.0203 1.7
  18.7192    0.1912  -15.0703 1.7
  17.6152   -4.7728  -15.4533 1.7
  17.0902    4.2452  -14.3163 1.7
  18.3582    6.1412  -11.3793 1.7
  17.1952    4.4412   -7.8143 1.7
  15.1862    8.4352   -6.6123 1.7
  18.2142    8.9512   -7.4653 1.7
  17.3572    9.9732   -3.3263 1.7
  14.3522   13.7282   -2.8273 1.7
  18.7532   12.4452   -5.6573 1.7
  17.8902   15.9862   -0.6043 1.7
  16.3742   16.9162    0.6897 1.7
   7.4422   16.9932   -2.2623 1.7
  11.3662   18.8252   -4.3953 1.7
  13.8482   18.9502    0.7737 1.7
  13.6522   16.0942   -4.3013 1.7
  16.3742   16.9112   -4.8073 1.7
  16.5272   12.8202   11.2977 1.7
  15.6432   11.9462   13.4337 1.7
  16.9692   12.9202   15.4587 1.7
  17.2312   15.2632   16.9737 1.7
  10.7752   16.9192   16.4007 1.7
 -14.6478    5.3022   14.1257 1.7
 -13.0708    5.0982   11.8887 1.7
 -10.2648    1.9742    7.0867 1.7
  -4.5308    3.3322    3.0757 1.7
  -0.9168   10.3152    1.0597 1.7
   0.9302   14.2842    0.7747 1.7
  -0.7098   16.5862    0.7247 1.7
  -2.7068   10.6342   -2.6663 1.7
  -4.1908    7.5262   -1.4033 1.7
  -5.2358   -6.3138   12.4487 1.7
  -7.8168   -7.2838   11.5527 1.7
  -7.9678   -8.1708    8.8837 1.7
  -7.3948   -9.4658    4.9707 1.7
  -5.1108   -9.7868    6.6947 1.7
  -1.7258  -13.5208    4.7817 1.7
  -1.9248   -9.9538   -1.0363 1.7
  18.3902   -4.2258   -5.1873 1.7
  18.6662   -4.0968    2.4017 1.7
  18.9802   -3.5878    5.0187 1.7
  16.0672   -4.1808    6.9197 1.7
  13.8072   -3.8128    8.5317 1.7
  11.5922   -0.9058   11.1937 1.7
   9.6652    0.6232   16.6127 1.7
   7.2912    1.5932   17.7387 1.7
   4.2052   -3.5978   16.3657 1.7
   4.8052   -5.3848   14.4567 1.7
  13.0092    1.1092   15.1187 1.7
  -0.4448    7.9952    7.6887 1.7
  -2.3568   10.0702    4.3607 1.7
  -5.1418    8.7222    6.9997 1.7
  -1.2958   13.6172    6.4107 1.7
  -2.7998   15.0322   10.1737 1.7
  -1.6618   17.6332    9.8027 1.7
  -6.9228   17.0292   13.0977 1.7
  -8.1418   13.8182   14.9397 1.7
  -9.5928   11.5142   15.6437 1.7
  -7.5808   10.4402   14.0937 1.7
  16.1152  -10.5088    2.6937 1.7
  -3.5788   13.6322   17.2407 1.7
  -5.5598   15.9752   16.0117 1.7
  -5.5868   15.1422   18.7227 1.7
   5.4362   13.3292   17.8047 1.7
   9.3622   14.3382   16.6757 1.7
   3.1082   15.8192   17.2867 1.7
 -11.7628   12.9002   13.6697 1.7
  -8.6168   12.6802   10.1617 1.7
  -7.1858   -0.1158   16.4387 1.7
  -4.8148   -1.1738   17.2967 1.7
  -4.6518   -3.5498   15.7027 1.7
 -13.0538   -0.6378   15.7887 1.7
   0.1192    3.2472   -2.5633 1.7
   1.9492    5.0362   -3.2153 1.7
  13.6952  -14.3248    4.0727 1.7
  18.2832    6.3442  -15.4653 1.7
  18.9102    2.5902    0.0927 1.7
  -8.1618    2.3482    4.1127 1.7
  15.3102   14.0812  -12.2523 1.7
  16.9412   16.2902   -7.5313 1.7
  -2.5698   -2.9558  -15.3323 1.7
  -4.4398  -14.5748   -1.8983 1.7
  -4.2568  -18.5738  -10.3453 1.7
  16.5952  -13.3048   -8.0863 1.7
  11.3982  -17.6188  -16.8203 1.7
  12.5842  -18.4928  -14.5613 1.7
  15.7302   -9.4358   -0.6503 1.7
  -6.2998   -8.7608  -13.2463 1.7
  -7.1358   -7.4418  -11.3293 1.7
   1.5992    6.7142  -18.0653 1.7
   4.2602    6.2162  -17.6113 1.7
   5.2962    8.7662  -15.7073 1.7
   4.3642    9.0062  -12.9453 1.7
   3.1462    9.9712  -10.7403 1.7
   3.5562   10.6012   -8.2503 1.7
   2.7622   13.4672   -7.4333 1.7
   1.0392   15.1812   -8.4413 1.7
   5.6002   13.9362  -10.7833 1.7
   7.7702   13.5882  -14.4403 1.7
  10.1492   15.1742  -15.0743 1.7
   8.8242   17.3192  -11.2373 1.7
   6.7182   18.9952   -5.3313 1.7
   7.1522   14.6442   -3.5603 1.7
  -3.5108   14.0782   -5.2923 1.7
  -2.1678   15.0862   -2.5173 1.7
  -4.2558    8.1752   -4.0023 1.7
  -2.8868    8.7892   -6.2013 1.7
  -0.9958    8.4422   -9.8503 1.7
  -4.0528    2.1702   -8.1583 1.7
  -2.7748    0.4662  -10.4173 1.7
  -1.5458   -2.1038  -10.7953 1.7
  -2.2768   -5.7548  -14.1703 1.7
  -0.8028   -8.5828  -14.1693 1.7
  -4.9888  -11.0918  -12.6253 1.7
  -4.0618   -9.6548   -7.9513 1.7
   4.4652   -9.6788    6.6517 1.7
   6.9932   -9.0738    5.9957 1.7
  -3.5968   -9.6958    8.9507 1.7
   0.8852  -13.9008    7.5367 1.7
  -0.3448  -17.3868   -0.0013 1.7
   0.1972  -17.1888   -7.8423 1.7
  -2.4538  -15.5638   -8.7763 1.7
   3.6412   -9.7698    9.1947 1.7
  13.5802  -10.1408   -6.4843 1.7
  13.8022  -12.7158   -5.8773 1.7
  11.3962   -9.4868   -8.2263 1.7
  16.3432   -9.0328  -10.6683 1.7
  18.0892   -6.9128  -10.9663 1.7
  16.5822   -6.1938   -4.2623 1.7
  17.5212   -6.2608    1.3977 1.7
   7.2472   10.5572  -16.3553 1.7
  10.8692  -14.8058    3.9957 1.7
  18.1212    3.1372  -18.4263 1.7
  17.2882    0.6052  -18.1043 1.7
  18.9332    8.6272  -10.0703 1.7
  13.0362   -1.6078    0.2327 1.7
  11.7862   -3.7058    1.5677 1.7
  11.2532  -14.3548   -0.0263 1.7
  16.4792  -12.6738  -12.9203 1.7
  18.5842  -14.2488  -12.6053 1.7
  17.4662  -16.2718   -8.9173 1.7
  12.7682  -18.2078   -3.5973 1.7
  10.8622  -17.8728   -0.2183 1.7
   3.0652   12.7202  -10.2143 1.7
  -4.1248   -0.1928  -17.3613 1.7
  -5.4888    0.5172    2.4157 1.7
  -6.2628    2.2472   -0.5893 1.7
   2.2752   -4.4638    1.8557 1.7
