  17.6822   -1.6478    1.2167 1.8
  14.4052   -5.2018    3.2687 1.8
  14.7802   -6.1348    5.3377 1.8
  13.9472   -7.4288    3.6337 1.8
  16.0162    1.4392    1.7447 1.8
  16.4962    2.6292    4.5627 1.8
  16.0482    4.8642    7.2927 1.8
  16.8182    7.0432   10.0987 1.8
  14.4182    8.1082   12.4017 1.8
  12.3962   10.3882   14.3717 1.8
   9.9312   10.1972   16.6187 1.8
   7.3502   10.9902   18.8047 1.8
  13.7902    5.9522   16.0907 1.8
   9.2432    3.6602   18.8017 1.8
  13.9392    3.3822   13.4677 1.8
  13.1012    3.5132   10.0627 1.8
  11.5082    2.7342    6.9477 1.8
  11.8472    4.2732    3.7907 1.8
   9.2102    4.5112    1.9747 1.8
   7.8412    4.6402   -1.0893 1.8
   5.7052    3.2712   -2.0773 1.8
   3.7112    3.3342   -0.2893 1.8
   0.7052    4.8272    0.8797 1.8
   0.1662    5.8862    3.3527 1.8
   1.8162    6.5222    6.5957 1.8
   3.0922    4.2092    8.6477 1.8
   3.6502    3.1372   11.8617 1.8
   5.1992    0.8442   14.1337 1.8
   3.5522   -0.7368   16.8887 1.8
  -7.6128    9.2402   18.6447 1.8
  -8.6368    7.2332   15.8367 1.8
 -11.2808   10.8922   11.0317 1.8
 -10.0678    4.1662   14.7127 1.8
  -8.8368    2.3052   11.8647 1.8
  -7.3398    5.8642    6.2527 1.8
  -8.4788    0.5762    8.7357 1.8
  -5.9498   -0.8368    6.9417 1.8
  -4.5068   -1.9238    3.8797 1.8
  -2.4258   -4.2018    1.9177 1.8
   0.1742   -6.1488    0.5197 1.8
  -0.6418   -9.4268    1.3017 1.8
  -2.9728   -8.8118    2.6967 1.8
  -5.1368   -7.0378    5.0447 1.8
  -4.7078   -4.8828    7.9777 1.8
  -5.5918   -3.7418   11.2347 1.8
 -10.5458   -2.1678   16.5167 1.8
  -5.4058   -0.4868   12.4367 1.8
  -4.4498    2.3582   14.5397 1.8
  -5.3418    5.5762   13.9757 1.8
  -6.9388    9.9562    9.9717 1.8
  -3.6708    8.5642   14.1617 1.8
  -3.7648   12.0392   14.0997 1.8
  -2.0318   14.9712   12.8387 1.8
   0.7162   14.6242   13.8197 1.8
   4.0152   15.1272   14.7827 1.8
   7.0542   14.4002   13.1517 1.8
  10.4872   13.6402   12.7667 1.8
  12.5392   13.2802   10.0767 1.8
  15.5012   12.4052    8.9537 1.8
  16.6422   14.8982    9.8247 1.8
  14.8032   16.6122    8.8677 1.8
  15.9142   16.7622    5.9857 1.8
  15.8922   17.9512    4.2037 1.8
  11.9652   18.1682    9.6487 1.8
   8.5072   17.3302    9.8717 1.8
   4.8992   17.1692    9.5927 1.8
   1.9412   15.2612   10.0647 1.8
  -0.5898   12.7062    9.4707 1.8
  -0.2918    9.7812   11.3997 1.8
  -0.2038    6.3342   11.4847 1.8
  -0.6268    3.7732   13.8157 1.8
   0.1992    0.4542   14.4877 1.8
   0.1702   -3.2448   14.0657 1.8
   2.4422   -3.4438   12.1187 1.8
   4.9842   -4.9728   10.1487 1.8
   7.3832   -3.6458    9.7807 1.8
   8.6302   -0.2928   10.3277 1.8
   9.9442    1.6812   13.5327 1.8
   7.2442    2.2392    8.3837 1.8
   7.6302    5.0162    6.1697 1.8
   5.3702    6.8192    4.5807 1.8
   3.9942    8.3062    1.5027 1.8
   1.5362    7.8752   -2.6343 1.8
   0.6672   10.0172   -2.7573 1.8
  -0.7238    8.2302   -2.4153 1.8
   2.5432   10.5632    2.4477 1.8
   1.0072   10.9452    6.5177 1.8
   4.1602   11.9022    4.2347 1.8
   6.6062   11.8252    3.0677 1.8
   6.4432   13.5842    0.9557 1.8
   6.3762   16.0382    2.3057 1.8
   9.0412   16.3682    3.2537 1.8
  10.2652   16.8812    0.9607 1.8
  10.9302   14.7962   -0.7723 1.8
  11.6122   12.9422   -3.7203 1.8
  11.3832   10.7992   -6.6713 1.8
  13.9372    9.8152   -8.7873 1.8
  14.7342   12.6912   -7.6923 1.8
  15.3542    9.3142  -12.0033 1.8
  13.2342   11.0062  -15.4453 1.8
  11.6882   13.2902  -13.0273 1.8
  11.3142   17.3612   -9.1503 1.8
   9.7742   12.3942  -10.2773 1.8
   7.2362   13.4372   -8.2803 1.8
   5.6962   12.8442   -5.0553 1.8
   2.9712   13.3582   -4.4853 1.8
   4.4622   17.4322   -4.3143 1.8
   0.8312   12.1552   -5.3913 1.8
   0.0232   11.7362  -11.3173 1.8
   0.0622    8.7062   -6.1493 1.8
  -2.6358    4.6222   -4.0153 1.8
  -4.6378    4.2812   -5.0903 1.8
  -4.5258    4.1172   -2.8053 1.8
   2.9522    7.0332   -7.3323 1.8
   2.5682    5.8242  -10.0963 1.8
   3.3012    4.1122  -13.0963 1.8
   3.5452    3.3682  -16.6443 1.8
   4.1672    0.1442  -17.7053 1.8
   0.6632   -2.3368  -18.7943 1.8
   0.4632   -7.8238  -18.2053 1.8
  -0.2148   -1.0148  -15.5623 1.8
   1.9222    0.0612  -13.0293 1.8
   3.2142    0.4412   -9.7023 1.8
   5.8732    2.4512   -8.6003 1.8
   7.7912    1.2952   -6.2623 1.8
   9.7052    1.9012   -3.4893 1.8
   9.6942    0.6952   -1.1443 1.8
   9.6462   -1.9098   -1.5553 1.8
  11.4142   -4.9638   -1.8803 1.8
  11.3942   -6.7578   -3.9933 1.8
   9.9262   -7.1718   -7.3933 1.8
   6.5912   -7.4698   -7.9833 1.8
   3.9612   -8.8188   -9.8033 1.8
   0.5272   -8.9378  -10.9273 1.8
  -1.5098  -11.8738  -11.3683 1.8
  -0.6858  -13.4588  -14.3713 1.8
   0.4682  -14.6818  -17.6433 1.8
   3.6552  -15.9778  -18.0003 1.8
  13.1872  -14.2788   -2.7763 1.8
   8.1372  -16.9858   -1.0993 1.8
   6.6832  -14.0838    0.0597 1.8
   6.6502  -11.2378    2.2167 1.8
   4.3352   -8.7918    3.4697 1.8
   2.4372   -5.8508    4.3827 1.8
   0.0352   -6.9168    5.3907 1.8
   0.5992   -9.6578    5.7897 1.8
   1.8792  -12.8518    4.7257 1.8
   2.3602  -14.0508    1.3607 1.8
   2.2022  -16.4478   -1.2863 1.8
   4.1862  -16.7278   -4.1403 1.8
   5.0682  -16.9678   -7.6453 1.8
   1.0032  -17.8908  -11.2903 1.8
   1.9562  -17.7178  -13.3743 1.8
   8.2512  -17.3458   -8.9873 1.8
  14.1232  -16.2358   -7.9473 1.8
   9.9182  -15.8558  -11.6473 1.8
  12.7702  -15.7798  -13.5833 1.8
  15.0692  -13.5458  -15.2713 1.8
  13.2832  -11.8548  -16.8863 1.8
   9.9822   -0.3878  -18.2113 1.8
   8.5902    2.6292  -17.8843 1.8
  15.6922    4.4392  -18.1813 1.8
  14.3762    6.1242  -18.2753 1.8
  14.4062   -3.1388  -18.5803 1.8
  15.6982   -6.2008  -17.2913 1.8
  15.0402   -8.8128  -15.4383 1.8
  14.3262  -10.4768  -12.2793 1.8
  10.9622  -11.3808  -11.7983 1.8
   8.0812  -11.5328   -9.8673 1.8
   5.1052  -13.3828   -9.6563 1.8
   1.8312  -13.2448   -8.4743 1.8
  -0.8918  -13.0638   -5.9693 1.8
  -1.1658   -9.9688   -5.6353 1.8
  -2.2638   -6.7168   -4.5463 1.8
  -1.8308   -4.5278   -6.2603 1.8
   0.2262   -3.9258   -9.1803 1.8
  -0.0148   -4.5128  -13.0513 1.8
   3.6702   -3.9168   -8.5803 1.8
   6.8312   -2.2528   -8.7823 1.8
   9.7442   -3.2308   -7.6743 1.8
  12.8272   -2.6378   -5.7463 1.8
  14.9762   -2.3328   -1.4273 1.8
  17.0322   -2.9888   -2.2233 1.8
  15.8782   -4.3488   -0.7873 1.8
  14.7802   -4.2588   -7.0413 1.8
  13.7992   -7.6008   -9.7013 1.8
  14.4522   -3.9118   -9.7903 1.8
  14.2492   -1.1758   -9.9723 1.8
  16.7642   -0.3028   -9.5133 1.8
  17.9502   -1.0968  -11.8373 1.8
  17.8102   -6.1658  -13.7123 1.8
  16.9682    0.6942  -13.7433 1.8
  18.1312    2.8982  -12.8533 1.8
  17.0762    4.4182  -10.6853 1.8
  16.6342    6.6272   -7.9303 1.8
  16.1482    7.9882   -4.6113 1.8
  15.5602   11.2862   -3.6143 1.8
  16.9222   11.3202   -6.2933 1.8
  16.2382   14.2042   -1.7003 1.8
