N   -3.8878    1.9572    0.6277 1.8
C   -2.9958    0.7752    0.4827 1.9
C   -1.5548    1.1532    0.8217 1.9
O   -1.1048    2.2682    0.5357 1.7
C   -3.0908    0.1992   -0.9323 1.9
C   -2.9018    1.2272   -2.0303 1.9
C   -3.1038    0.6562   -3.4203 1.9
O   -4.0658   -0.1218   -3.6173 1.7
O   -2.3038    1.0012   -4.3193 1.7
N   -0.8558    0.2372    1.4807 1.8
C    0.5292    0.4532    1.8777 1.9
C    1.3722   -0.7008    1.3647 1.9
O    1.4532   -1.7548    1.9997 1.7
C    0.6172    0.5772    3.3967 1.9
C   -0.0798    1.8222    3.9057 1.9
O    0.5412    2.8992    3.8387 1.7
O   -1.2548    1.7382    4.3297 1.7
N    1.9572   -0.5038    0.1867 1.8
C    2.7692   -1.5258   -0.4563 1.9
C    4.2552   -1.2198   -0.4143 1.9
O    5.0552   -2.1768   -0.4903 1.7
C    2.3092   -1.6968   -1.8973 1.9
C    0.8542   -2.1528   -1.9123 1.9
C    0.0902   -1.4218   -2.9743 1.9
C    0.7922   -3.6638   -2.0803 1.9
O    4.6052   -0.0268   -0.3043 1.7
