O   18.9732   12.8132   -1.3553 1.7
O   18.5192    6.6292   -3.5453 1.7
C   18.5282    7.4052   -0.5953 1.9
C   18.7032    8.4792    0.4917 1.9
C   18.5372    5.9962    0.0087 1.9
C   17.7242    8.4002    1.6357 1.9
C   18.2072    1.5742   -3.9183 1.9
C   18.8242    0.1722   -3.9343 1.9
O   18.1032   -0.8328   -4.0403 1.7
C   16.8992    1.6342   -4.7203 1.9
C   16.1202    2.9292   -4.4733 1.9
C   14.9862    3.0682   -5.4693 1.9
C   15.6112    2.9562   -3.0373 1.9
C   18.4012   -1.1278    0.2327 1.9
O   18.1722   -0.0208   -0.2613 1.7
N   17.6822   -1.6478    1.2167 1.8
C   16.5382   -0.9478    1.7937 1.9
C   16.8042    0.4752    2.2537 1.9
O   17.7112    0.7232    3.0477 1.7
C   15.9492   -1.7608    2.9417 1.9
C   15.3332   -3.0698    2.4917 1.9
C   14.8612   -3.8758    3.6727 1.9
N   14.4052   -5.2018    3.2687 1.8
C   14.3792   -6.2558    4.0777 1.9
N   14.7802   -6.1348    5.3377 1.8
N   13.9472   -7.4288    3.6337 1.8
N   16.0162    1.4392    1.7447 1.8
C   16.2142    2.8342    2.1507 1.9
C   15.7252    3.0932    3.5787 1.9
O   14.6602    3.6692    3.7827 1.7
C   15.4022    3.6062    1.1077 1.9
C   14.2922    2.6442    0.7667 1.9
C   15.0332    1.3382    0.6517 1.9
N   16.4962    2.6292    4.5627 1.8
C   16.1672    2.8062    5.9767 1.9
C   16.7932    4.1082    6.4907 1.9
O   17.9282    4.4372    6.1317 1.7
C   16.7222    1.6272    6.7857 1.9
C   15.8482    0.4762    7.3017 1.9
C   14.6002    0.2732    6.4717 1.9
C   16.6902   -0.7918    7.3277 1.9
N   16.0482    4.8642    7.2927 1.8
C   16.5492    6.1172    7.8717 1.9
C   16.1422    6.1902    9.3337 1.9
O   15.2482    5.4582    9.7647 1.7
C   15.9812    7.3862    7.1657 1.9
C   16.4532    7.4602    5.7277 1.9
C   14.4602    7.4192    7.2507 1.9
N   16.8182    7.0432   10.0987 1.8
C   16.4932    7.2242   11.5057 1.9
C   15.4382    8.3312   11.5837 1.9
O   15.5312    9.3522   10.8917 1.7
C   17.7262    7.6342   12.3337 1.9
O   18.7952    6.7072   12.1107 1.7
C   17.3892    7.6292   13.8107 1.9
N   14.4182    8.1082   12.4017 1.8
C   13.3392    9.0682   12.5697 1.9
C   13.1392    9.3352   14.0557 1.9
O   13.6602    8.6052   14.8987 1.7
C   11.9982    8.5352   11.9877 1.9
C   11.5662    7.2632   12.7317 1.9
C   12.1352    8.2722   10.4947 1.9
C   10.1172    6.8622   12.5067 1.9
N   12.3962   10.3882   14.3717 1.8
C   12.1162   10.7322   15.7547 1.9
C   10.6252   11.0012   15.8267 1.9
O   10.1042   11.8722   15.1217 1.7
C   12.9072   11.9712   16.1657 1.9
C   12.9102   12.2632   17.6597 1.9
C   13.7182   13.5312   17.9377 1.9
N    9.9312   10.1972   16.6187 1.8
C    8.4962   10.3422   16.7767 1.9
C    8.1612   10.1022   18.2377 1.9
O    8.6852    9.1692   18.8547 1.7
C    7.7202    9.3522   15.8657 1.9
C    6.2122    9.5532   16.0317 1.9
C    8.1232    7.9232   16.1667 1.9
C    5.3792    8.6612   15.1687 1.9
N    7.3502   10.9902   18.8047 1.8
O   11.8342    8.4592   18.1647 1.7
C   14.3922    7.4412   17.9537 1.9
C   14.0722    6.0472   17.3897 1.9
O   14.0322    5.0742   18.1467 1.7
C   15.8912    7.5822   18.2627 1.9
C   16.7452    8.5082   17.3877 1.9
C   16.2002    9.9272   17.4037 1.9
C   18.1752    8.5012   17.8897 1.9
N   13.7902    5.9522   16.0907 1.8
C   13.4572    4.6682   15.4637 1.9
C   14.0102    4.5762   14.0517 1.9
O   14.5122    5.5602   13.5097 1.7
C   11.9382    4.4872   15.3727 1.9
C   11.1972    4.4832   16.6867 1.9
C    9.7062    4.3452   16.4477 1.9
C    8.9192    4.6162   17.7117 1.9
N    9.2432    3.6602   18.8017 1.8
N   13.9392    3.3822   13.4677 1.8
C   14.3802    3.1682   12.0897 1.9
C   13.1212    2.9622   11.2667 1.9
O   12.1822    2.3072   11.7187 1.7
C   15.2792    1.9382   11.9557 1.9
C   16.7312    2.1602   12.3497 1.9
C   17.4782    3.0862   11.4027 1.9
O   17.5072    2.8122   10.1837 1.7
O   18.0582    4.0802   11.8867 1.7
N   13.1012    3.5132   10.0627 1.8
C   11.9392    3.3942    9.2027 1.9
C   12.3752    3.3112    7.7677 1.9
O   13.4602    3.7622    7.4117 1.7
C   11.0162    4.5842    9.3967 1.9
N   11.5082    2.7342    6.9477 1.8
C   11.7472    2.5542    5.5287 1.9
C   11.0862    3.6512    4.6847 1.9
O    9.8952    3.9362    4.8477 1.7
C   11.1722    1.1992    5.1247 1.9
C   11.3442    0.7482    3.6817 1.9
C   12.7962    0.3362    3.4397 1.9
C   10.3862   -0.4058    3.4277 1.9
N   11.8472    4.2732    3.7907 1.8
C   11.2872    5.3002    2.9137 1.9
C   10.5312    4.5042    1.8547 1.9
O   11.1262    3.9342    0.9397 1.7
C   12.3922    6.1632    2.2957 1.9
C   13.2582    6.9172    3.3057 1.9
C   14.2412    7.8102    2.5677 1.9
C   12.3892    7.7472    4.2367 1.9
N    9.2102    4.5112    1.9747 1.8
C    8.3252    3.7242    1.1297 1.9
C    7.4212    4.4872    0.1617 1.9
O    6.3022    4.8442    0.5247 1.7
C    7.4632    2.9082    2.0957 1.9
C    6.7622    1.7452    1.4487 1.9
O    6.6842    1.6522    0.2017 1.7
O    6.2702    0.9152    2.2327 1.7
N    7.8412    4.6402   -1.0893 1.8
C    7.0112    5.3412   -2.0703 1.9
C    5.7482    4.5542   -2.4353 1.9
O    4.8352    5.1042   -3.0563 1.7
C    7.7622    5.6272   -3.3703 1.9
O    8.1882    4.3902   -3.9503 1.7
C    8.9752    6.5092   -3.1133 1.9
N    5.7052    3.2712   -2.0773 1.8
C    4.5412    2.4582   -2.3903 1.9
C    3.4492    2.5592   -1.3383 1.9
O    2.3782    1.9612   -1.4803 1.7
N    3.7112    3.3342   -0.2893 1.8
C    2.7602    3.5172    0.8017 1.9
C    2.0362    4.8632    0.8057 1.9
O    2.6792    5.9202    0.7567 1.7
C    3.4672    3.3252    2.1357 1.9
N    0.7052    4.8272    0.8797 1.8
C   -0.0838    6.0592    0.9457 1.9
C    0.1192    6.7102    2.3037 1.9
O    0.2032    7.9332    2.3967 1.7
C   -1.5918    5.8022    0.8387 1.9
C   -2.0068    5.1942   -0.4673 1.9
O   -1.2748    5.3122   -1.4733 1.7
O   -3.1058    4.6032   -0.4803 1.7
N    0.1662    5.8862    3.3527 1.8
C    0.2992    6.3572    4.7297 1.9
C    1.6492    6.0402    5.3737 1.9
O    2.4942    5.3572    4.7947 1.7
C   -0.7838    5.7172    5.6167 1.9
C   -2.1188    5.5322    4.9047 1.9
O   -2.7528    6.5392    4.5317 1.7
O   -2.5398    4.3672    4.7427 1.7
N    1.8162    6.5222    6.5957 1.8
C    3.0102    6.2902    7.3927 1.9
C    2.4912    5.3892    8.5147 1.9
O    1.5032    5.7272    9.1817 1.7
C    3.5792    7.6322    7.9437 1.9
O    4.1042    8.3952    6.8517 1.7
C    4.6712    7.3982    8.9697 1.9
N    3.0922    4.2092    8.6477 1.8
C    2.6752    3.2322    9.6477 1.9
C    3.8422    2.8822   10.5717 1.9
O    4.9062    2.4462   10.1167 1.7
C    2.1302    1.9242    8.9657 1.9
C    1.3962    1.0572    9.9767 1.9
C    1.2182    2.2702    7.7887 1.9
N    3.6502    3.1372   11.8617 1.8
C    4.6582    2.8572   12.8777 1.9
C    4.2262    1.6542   13.7297 1.9
O    3.0322    1.4432   13.9717 1.7
C    4.8902    4.1012   13.7967 1.9
C    5.3012    5.3142   12.9517 1.9
C    5.9482    3.8072   14.8587 1.9
C    6.5192    5.0832   12.0777 1.9
N    5.1992    0.8442   14.1337 1.8
C    4.9472   -0.3178   14.9667 1.9
C    4.3542    0.1372   16.2907 1.9
O    4.6292    1.2472   16.7557 1.7
C    6.2412   -1.0958   15.1977 1.9
C    6.7312   -1.8188   13.9567 1.9
C    8.1092   -2.4378   14.1207 1.9
O    8.6832   -2.3628   15.2307 1.7
O    8.6222   -2.9938   13.1247 1.7
N    3.5522   -0.7368   16.8887 1.8
C    2.8602   -0.4848   18.1487 1.9
C    2.4592   -1.8248   18.7807 1.9
C   -0.0458   -1.7318   18.3987 1.9
O   -0.4228   -2.7548   17.7857 1.7
O   -0.5638   -0.6088   18.2317 1.7
C    4.2822    4.3742   18.7547 1.9
Z    5.5512    5.4912   18.1307 2.0
C    2.0492    8.3292   18.4907 1.9
C    1.6552    8.4232   17.0197 1.9
C    3.2402    9.2362   18.7857 1.9
C   -6.9818   10.3942   18.8147 1.9
O   -6.0618   10.7762   18.0837 1.7
N   -7.6128    9.2402   18.6447 1.8
C   -7.3198    8.3672   17.5147 1.9
C   -8.5888    7.6502   17.0917 1.9
O   -9.5198    7.4902   17.8857 1.7
C   -6.2388    7.3362   17.8707 1.9
C   -7.3398    5.2302   18.9717 1.9
C   -7.9448    4.4992   17.9407 1.9
C   -8.6178    3.3182   18.2607 1.9
N   -8.6368    7.2332   15.8367 1.8
C   -9.7918    6.5022   15.3457 1.9
C   -9.3148    5.2672   14.5957 1.9
O   -8.2308    5.2632   14.0027 1.7
C  -10.7118    7.3812   14.4837 1.9
C  -10.1128    7.9662   13.2227 1.9
C  -11.0858    8.9622   12.6057 1.9
C  -10.4098    9.7962   11.5367 1.9
N  -11.2808   10.8922   11.0317 1.8
N  -10.0678    4.1662   14.7127 1.8
C   -9.7068    2.9182   14.0367 1.9
C   -9.7178    3.0602   12.5177 1.9
O  -10.5058    3.8332   11.9547 1.7
C  -10.7728    1.9342   14.5427 1.9
C  -11.9498    2.8202   14.8707 1.9
C  -11.2908    4.0072   15.5217 1.9
N   -8.8368    2.3052   11.8647 1.8
C   -8.7028    2.3142   10.4127 1.9
C   -8.2028    0.9402    9.9817 1.9
O   -7.6018    0.2192   10.7727 1.7
C   -7.6758    3.3842   10.0017 1.9
C   -7.5568    3.6582    8.5067 1.9
C   -6.4388    4.6602    8.2537 1.9
C   -6.2648    4.9692    6.7737 1.9
N   -7.3398    5.8642    6.2527 1.8
N   -8.4788    0.5762    8.7357 1.8
C   -8.0398   -0.6928    8.1737 1.9
C   -7.1808   -0.3428    6.9707 1.9
O   -7.6148    0.4032    6.0957 1.7
C   -9.2348   -1.5238    7.6957 1.9
C   -9.9918   -2.2468    8.7847 1.9
Z   -9.0508   -3.6408    9.4377 2.0
C   -9.5158   -4.9788    8.2717 1.9
N   -5.9498   -0.8368    6.9417 1.8
C   -5.0698   -0.5688    5.8137 1.9
C   -4.6338   -1.8908    5.1987 1.9
O   -4.4438   -2.8758    5.9087 1.7
C   -3.8308    0.2652    6.2267 1.9
C   -3.0388   -0.4518    7.3227 1.9
C   -4.2658    1.6652    6.6507 1.9
C   -1.7738    0.2742    7.7427 1.9
N   -4.5068   -1.9238    3.8797 1.8
C   -4.1138   -3.1578    3.2417 1.9
C   -2.9718   -3.0438    2.2647 1.9
O   -2.6128   -1.9478    1.8217 1.7
N   -2.4258   -4.2018    1.9177 1.8
C   -1.3268   -4.2958    0.9777 1.9
C   -1.0808   -5.7688    0.7387 1.9
O   -2.0248   -6.5618    0.7777 1.7
N    0.1742   -6.1488    0.5197 1.8
C    0.5172   -7.5488    0.2847 1.9
C    0.1352   -8.3728    1.5137 1.9
O    0.4932   -8.0258    2.6427 1.7
C    2.0362   -7.7148   -0.0203 1.9
C    2.3482   -7.1868   -1.4183 1.9
C    2.4742   -9.1818    0.0797 1.9
C    1.7582   -8.0078   -2.5043 1.9
N   -0.6418   -9.4268    1.3017 1.8
C   -1.0448  -10.2698    2.4137 1.9
C   -2.3488   -9.9098    3.0997 1.9
O   -2.7758  -10.6138    4.0147 1.7
N   -2.9728   -8.8118    2.6967 1.8
C   -4.2358   -8.4458    3.3137 1.9
C   -4.2498   -7.1308    4.0597 1.9
O   -3.4598   -6.2288    3.7657 1.7
N   -5.1368   -7.0378    5.0447 1.8
C   -5.2998   -5.8248    5.8377 1.9
C   -4.9178   -5.9998    7.2907 1.9
O   -4.8228   -7.1178    7.7707 1.7
C   -6.7678   -5.3818    5.8077 1.9
C   -7.2188   -4.8218    4.4877 1.9
C   -7.4178   -5.6488    3.3967 1.9
C   -7.4748   -3.4618    4.3517 1.9
C   -7.8668   -5.1348    2.1937 1.9
C   -7.9228   -2.9338    3.1517 1.9
C   -8.1208   -3.7708    2.0687 1.9
N   -4.7078   -4.8828    7.9777 1.8
C   -4.4168   -4.8618    9.4167 1.9
C   -5.1588   -3.6438    9.9837 1.9
O   -5.3818   -2.6538    9.2777 1.7
C   -2.8908   -4.7658    9.7697 1.9
C   -2.2898   -3.4508    9.2647 1.9
C   -2.1288   -5.9768    9.2197 1.9
C   -0.9078   -3.1538    9.8237 1.9
N   -5.5918   -3.7418   11.2347 1.8
C   -6.3068   -2.6598   11.8837 1.9
C   -5.2768   -1.7978   12.5947 1.9
O   -4.3868   -2.3128   13.2787 1.7
C   -7.3128   -3.2168   12.8887 1.9
C   -8.2328   -2.1658   13.4897 1.9
C   -9.0518   -2.7418   14.6297 1.9
C   -9.8798   -1.6648   15.2927 1.9
N  -10.5458   -2.1678   16.5167 1.8
N   -5.4058   -0.4868   12.4367 1.8
C   -4.4738    0.4522   13.0437 1.9
C   -5.1908    1.6232   13.7187 1.9
O   -6.3928    1.8212   13.5397 1.7
C   -3.5028    1.0102   11.9737 1.9
C   -2.6788   -0.1268   11.3577 1.9
C   -4.2838    1.7532   10.8867 1.9
N   -4.4498    2.3582   14.5397 1.8
C   -4.9708    3.5332   15.2247 1.9
C   -4.4278    4.7502   14.4687 1.9
O   -3.2138    4.8852   14.2607 1.7
C   -4.5278    3.5612   16.6907 1.9
C   -4.9688    2.3472   17.4917 1.9
C   -4.8318    2.5692   18.9967 1.9
N   -5.3418    5.5762   13.9757 1.8
C   -4.9868    6.7682   13.2217 1.9
C   -4.8708    7.9972   14.1047 1.9
O   -5.8528    8.4222   14.7247 1.7
C   -6.0258    7.0392   12.1317 1.9
C   -5.8468    8.3872   11.4577 1.9
C   -6.9398    8.7192   10.4507 1.9
O   -7.7538    7.8732   10.0937 1.7
N   -6.9388    9.9562    9.9717 1.8
N   -3.6708    8.5642   14.1617 1.8
C   -3.4268    9.7792   14.9327 1.9
C   -3.1588   10.8742   13.9137 1.9
O   -2.4438   10.6542   12.9357 1.7
C   -2.2028    9.6292   15.8307 1.9
C   -2.3658    8.6432   16.9577 1.9
C   -2.0388    7.2902   16.7857 1.9
C   -2.8008    9.0622   18.2127 1.9
C   -2.1358    6.3842   17.8417 1.9
N   -3.7648   12.0392   14.0997 1.8
C   -3.5318   13.1232   13.1567 1.9
C   -2.5958   14.1682   13.7337 1.9
O   -2.3598   14.2142   14.9447 1.7
C   -4.8428   13.7782   12.7407 1.9
C   -5.8088   12.7992   12.1097 1.9
O   -5.3828   11.9912   11.2587 1.7
O   -7.0048   12.8472   12.4637 1.7
N   -2.0318   14.9712   12.8387 1.8
C   -1.1258   16.0512   13.2017 1.9
C   -0.0378   15.6462   14.1997 1.9
O    0.1102   16.2322   15.2807 1.7
C   -1.9358   17.2502   13.6957 1.9
C   -2.8168   17.8402   12.6027 1.9
C   -3.8508   18.8072   13.1357 1.9
O   -3.9918   18.9822   14.3487 1.7
N    0.7162   14.6242   13.8197 1.8
C    1.8082   14.1192   14.6357 1.9
C    3.1002   14.6042   13.9777 1.9
O    3.2332   14.5722   12.7527 1.7
C    1.7802   12.5592   14.7097 1.9
C    0.5142   12.0862   15.4417 1.9
C    3.0532   12.0132   15.3757 1.9
C    0.3322   12.6642   16.8447 1.9
N    4.0152   15.1272   14.7827 1.8
C    5.2822   15.6162   14.2577 1.9
C    6.2842   14.4712   14.2277 1.9
O    6.3332   13.6562   15.1517 1.7
C    5.8762   16.7542   15.1277 1.9
C    4.9152   17.9392   15.1957 1.9
C    7.2032   17.2162   14.5427 1.9
N    7.0542   14.4002   13.1517 1.8
C    8.0812   13.3832   12.9937 1.9
C    9.2932   14.0482   12.3507 1.9
O    9.1442   14.9702   11.5457 1.7
C    7.6242   12.2102   12.0687 1.9
C    6.4842   11.4232   12.7117 1.9
C    8.7842   11.2412   11.8117 1.9
C    6.1692   10.1222   11.9967 1.9
N   10.4872   13.6402   12.7667 1.8
C   11.7042   14.1702   12.1727 1.9
C   12.2842   13.0242   11.3567 1.9
O   12.4532   11.9212   11.8757 1.7
C   12.7092   14.6382   13.2297 1.9
C   13.9212   15.3302   12.5967 1.9
C   14.9292   15.8662   13.5987 1.9
O   15.1872   15.1972   14.6247 1.7
O   15.4822   16.9572   13.3397 1.7
N   12.5392   13.2802   10.0767 1.8
C   13.0782   12.2842    9.1517 1.9
C   14.3362   12.8832    8.5227 1.9
O   14.2482   13.7952    7.6977 1.7
C   12.0472   11.9732    8.0227 1.9
C   10.7112   11.5342    8.6297 1.9
C   12.5702   10.8902    7.0997 1.9
C    9.5022   11.8792    7.7807 1.9
N   15.5012   12.4052    8.9537 1.8
C   16.7822   12.8922    8.4427 1.9
C   17.0262   14.3842    8.6597 1.9
O   17.5542   15.0632    7.7737 1.7
C   16.9272   12.5682    6.9597 1.9
Z   17.2272   10.8502    6.6477 2.0
N   16.6422   14.8982    9.8247 1.8
C   16.8522   16.3072   10.1137 1.9
C   15.8312   17.2182    9.4547 1.9
O   15.9872   18.4452    9.4447 1.7
N   14.8032   16.6122    8.8677 1.8
C   13.7302   17.3482    8.2157 1.9
C   12.4682   17.1082    9.0337 1.9
O   12.0132   15.9712    9.1767 1.7
C   13.5182   16.8532    6.7847 1.9
C   14.6212   17.2182    5.8387 1.9
N   15.9142   16.7622    5.9857 1.8
C   14.6152   17.9712    4.7127 1.9
C   16.6572   17.2152    4.9907 1.9
N   15.8922   17.9512    4.2037 1.8
N   11.9652   18.1682    9.6487 1.8
C   10.7562   18.0932   10.4547 1.9
C    9.5202   18.1212    9.5277 1.9
O    9.5232   18.7902    8.4817 1.7
N    8.5072   17.3302    9.8717 1.8
C    7.2682   17.2722    9.1037 1.9
C    6.1252   16.9532   10.0547 1.9
O    6.3572   16.5742   11.2097 1.7
C    7.3582   16.2172    8.0077 1.9
N    4.8992   17.1692    9.5927 1.8
C    3.7162   16.8912   10.3967 1.9
C    2.6322   16.2562    9.5127 1.9
O    2.4762   16.6112    8.3367 1.7
C    3.1852   18.1762   11.1097 1.9
C    2.1142   17.8062   12.1417 1.9
C    1.6212   18.9692   12.9747 1.9
N    1.9412   15.2612   10.0647 1.8
C    0.8972   14.5862    9.3197 1.9
C    0.2522   13.4862   10.1317 1.9
O    0.4892   13.3622   11.3337 1.7
N   -0.5898   12.7062    9.4707 1.8
C   -1.2818   11.5902   10.0977 1.9
C   -0.3128   10.4122   10.2307 1.9
O    0.4222   10.0962    9.2897 1.7
C   -2.4578   11.1472    9.2147 1.9
O   -3.3678   12.2412    9.0357 1.7
C   -3.1838    9.9712    9.8357 1.9
N   -0.2918    9.7812   11.3997 1.8
C    0.5662    8.6302   11.6347 1.9
C   -0.3138    7.4882   12.1357 1.9
O   -1.1238    7.6742   13.0437 1.7
C    1.6822    8.9462   12.6657 1.9
C    2.4282    7.6732   13.0487 1.9
C    2.6682    9.9432   12.0727 1.9
N   -0.2038    6.3342   11.4847 1.8
C   -0.9808    5.1532   11.8487 1.9
C   -0.0958    4.2432   12.6887 1.9
O    1.0592    4.0122   12.3407 1.7
C   -1.4338    4.4102   10.5897 1.9
C   -2.0488    5.2642    9.4767 1.9
C   -2.4108    4.3752    8.3097 1.9
C   -3.2758    6.0322    9.9827 1.9
N   -0.6268    3.7732   13.8157 1.8
C    0.0962    2.8862   14.7227 1.9
C   -0.5788    1.5102   14.7177 1.9
O   -1.7978    1.4112   14.9107 1.7
C    0.0882    3.4502   16.1707 1.9
C    0.7582    2.4872   17.1157 1.9
C    0.7812    4.8052   16.2227 1.9
N    0.1992    0.4542   14.4877 1.8
C   -0.3748   -0.8808   14.4697 1.9
C    0.6332   -1.9928   14.2417 1.9
O    1.8342   -1.7328   14.2017 1.7
N    0.1702   -3.2448   14.0657 1.8
C    1.0102   -4.4288   13.8407 1.9
C    1.7342   -4.5068   12.4977 1.9
O    1.6572   -5.5298   11.8137 1.7
C    0.0172   -5.5768   13.9897 1.9
C   -1.2528   -4.9828   13.4657 1.9
C   -1.2538   -3.6258   14.1307 1.9
N    2.4422   -3.4438   12.1187 1.8
C    3.1832   -3.4458   10.8587 1.9
C    4.5122   -4.1658   11.1177 1.9
O    5.0962   -4.0268   12.1947 1.7
C    3.4032   -2.0068   10.3177 1.9
O    4.2082   -2.0548    9.1387 1.7
C    4.0772   -1.1318   11.3367 1.9
N    4.9842   -4.9728   10.1487 1.8
C    6.2452   -5.7218   10.2917 1.9
C    7.4702   -4.8238   10.3947 1.9
O    8.4692   -5.2008   11.0047 1.7
C    6.3042   -6.5488    9.0047 1.9
C    4.8832   -6.5788    8.5167 1.9
C    4.3932   -5.2048    8.8217 1.9
N    7.3832   -3.6458    9.7807 1.8
C    8.4692   -2.6698    9.7567 1.9
C    7.8932   -1.2418    9.7507 1.9
O    6.7632   -1.0168    9.2917 1.7
C    9.3742   -2.8988    8.4977 1.9
C    8.5392   -3.0048    7.2487 1.9
C   10.3912   -1.7788    8.3397 1.9
N    8.6302   -0.2928   10.3277 1.8
C    8.1832    1.0982   10.3437 1.9
C    8.3022    1.6232    8.9097 1.9
O    9.3352    1.4232    8.2607 1.7
C    9.0602    1.9392   11.2817 1.9
C    8.8732    1.5802   12.7537 1.9
O    7.7762    1.2312   13.1837 1.7
N    9.9442    1.6812   13.5327 1.8
N    7.2442    2.2392    8.3837 1.8
C    7.2972    2.7622    7.0177 1.9
C    6.8762    4.2292    6.9357 1.9
O    5.9342    4.6512    7.6107 1.7
C    6.4332    1.9162    6.0177 1.9
C    4.9452    2.0452    6.3287 1.9
C    6.8202    0.4422    6.0777 1.9
C    4.0592    1.1562    5.4697 1.9
N    7.6302    5.0162    6.1697 1.8
C    7.3202    6.4312    5.9677 1.9
C    6.6542    6.4972    4.5987 1.9
O    7.2912    6.2372    3.5787 1.7
C    8.6012    7.3322    5.9677 1.9
C    9.3712    7.1952    7.2847 1.9
C    8.2262    8.7942    5.7417 1.9
C    8.5952    7.5902    8.5307 1.9
N    5.3702    6.8192    4.5807 1.8
C    4.6542    6.8762    3.3207 1.9
C    4.6692    8.2262    2.6447 1.9
O    5.2442    9.1862    3.1637 1.7
N    3.9942    8.3062    1.5027 1.8
C    3.9192    9.5242    0.7107 1.9
C    3.3742   10.7512    1.4237 1.9
O    3.7232   11.8692    1.0557 1.7
C    3.0992    9.2872   -0.5483 1.9
C    3.7032    8.3012   -1.5113 1.9
C    2.9302    8.2812   -2.8173 1.9
N    1.5362    7.8752   -2.6343 1.8
C    0.4982    8.7102   -2.5873 1.9
N    0.6672   10.0172   -2.7573 1.8
N   -0.7238    8.2302   -2.4153 1.8
N    2.5432   10.5632    2.4477 1.8
C    1.9732   11.7072    3.1597 1.9
C    3.0302   12.5292    3.8977 1.9
O    2.8112   13.7082    4.1757 1.7
C    0.8682   11.2682    4.1267 1.9
C    1.3992   10.5112    5.3287 1.9
O    2.1352    9.5382    5.1907 1.7
N    1.0072   10.9452    6.5177 1.8
N    4.1602   11.9022    4.2347 1.8
C    5.2522   12.5882    4.9327 1.9
C    6.4592   12.7532    4.0097 1.9
O    7.2212   13.7142    4.1337 1.7
C    5.6452   11.8492    6.2147 1.9
C    4.6632   11.9982    7.3807 1.9
C    5.1442   11.2242    8.5967 1.9
C    4.5142   13.4642    7.7317 1.9
N    6.6062   11.8252    3.0677 1.8
C    7.6932   11.8552    2.1017 1.9
C    7.6512   13.1512    1.3087 1.9
O    8.6942   13.7362    1.0047 1.7
C    7.5712   10.6702    1.1457 1.9
C    8.6522    9.5832    1.1977 1.9
C    9.2112    9.3802    2.5867 1.9
C    8.0632    8.3042    0.6647 1.9
N    6.4432   13.5842    0.9557 1.8
C    6.2632   14.8232    0.2007 1.9
C    6.7172   16.0302    1.0217 1.9
O    7.3772   16.9232    0.5057 1.7
C    4.7892   15.0582   -0.1983 1.9
O    3.9672   15.0122    0.9687 1.7
C    4.3182   14.0322   -1.1833 1.9
N    6.3762   16.0382    2.3057 1.8
C    6.7232   17.1352    3.1977 1.9
C    8.2162   17.4122    3.3287 1.9
O    8.6162   18.5632    3.5137 1.7
C    6.1082   16.9022    4.5807 1.9
C    4.5902   16.7632    4.5597 1.9
C    3.9052   17.9762    3.9567 1.9
O    3.5432   17.9882    2.7767 1.7
N    9.0412   16.3682    3.2537 1.8
C   10.4882   16.5572    3.3627 1.9
C   11.1012   16.8642    2.0007 1.9
O   12.3022   17.0922    1.9007 1.7
C   11.2132   15.3392    4.0087 1.9
C   11.0882   14.0992    3.1197 1.9
C   10.6662   15.0732    5.4067 1.9
C   11.9412   12.9452    3.5677 1.9
N   10.2652   16.8812    0.9607 1.8
C   10.7292   17.1772   -0.3873 1.9
C   11.3452   16.0052   -1.1323 1.9
O   12.1292   16.1942   -2.0653 1.7
N   10.9302   14.7962   -0.7723 1.8
C   11.4482   13.5842   -1.3833 1.9
C   10.7892   13.2492   -2.7213 1.9
O    9.5682   13.3072   -2.8553 1.7
C   11.2992   12.4242   -0.3963 1.9
Z   12.0432   10.8802   -0.9293 2.0
N   11.6122   12.9422   -3.7203 1.8
C   11.1312   12.5912   -5.0463 1.9
C   11.8832   11.3672   -5.5743 1.9
O   12.8692   10.9312   -4.9753 1.7
C   11.3352   13.7572   -6.0543 1.9
O   12.7252   14.1152   -6.1183 1.7
C   10.5062   14.9732   -5.6553 1.9
N   11.3832   10.7992   -6.6713 1.8
C   12.0012    9.6532   -7.3243 1.9
C   12.6912   10.2162   -8.5543 1.9
O   12.0942   11.0132   -9.2903 1.7
C   10.9442    8.6362   -7.7643 1.9
C   10.3512    7.7222   -6.6983 1.9
C    9.2282    6.9362   -7.3183 1.9
C   11.4302    6.7892   -6.1503 1.9
N   13.9372    9.8152   -8.7873 1.8
C   14.6722   10.3252   -9.9373 1.9
C   15.4042    9.2312  -10.6793 1.9
O   15.9732    8.3312  -10.0653 1.7
C   15.6742   11.4082   -9.5103 1.9
C   14.9972   12.6592   -8.9853 1.9
O   14.7122   13.5842   -9.7383 1.7
N   14.7342   12.6912   -7.6923 1.8
N   15.3542    9.3142  -12.0033 1.8
C   16.0172    8.3832  -12.9053 1.9
C   15.9842    8.9792  -14.3143 1.9
O   15.3912   10.0682  -14.4823 1.7
C   15.3562    6.9882  -12.8803 1.9
C   13.9542    6.9472  -13.4363 1.9
C   13.7362    6.6982  -14.7883 1.9
C   12.8522    7.1152  -12.6013 1.9
C   12.4452    6.6142  -15.3013 1.9
C   11.5592    7.0332  -13.1043 1.9
C   11.3562    6.7812  -14.4553 1.9
O   16.5522    8.3662  -15.2353 1.7
N   13.2342   11.0062  -15.4453 1.8
C   12.4382   12.1902  -15.0533 1.9
C   12.3602   12.2662  -13.5383 1.9
O   12.9322   11.4272  -12.8473 1.7
C   11.0452   11.9882  -15.6413 1.9
C   10.9842   10.4622  -15.7803 1.9
C   12.3962   10.1012  -16.2523 1.9
N   11.6882   13.2902  -13.0273 1.8
C   11.5172   13.4412  -11.5913 1.9
C   10.0492   13.1842  -11.3073 1.9
O    9.1772   13.6812  -12.0243 1.7
C   11.8952   14.8412  -11.1153 1.9
C   11.6272   15.0272   -9.6373 1.9
C   12.1452   16.3322   -9.1033 1.9
O   13.2822   16.4172   -8.6443 1.7
N   11.3142   17.3612   -9.1503 1.8
N    9.7742   12.3942  -10.2773 1.8
C    8.4072   12.0632   -9.9183 1.9
C    8.1482   12.4882   -8.4773 1.9
O    8.8252   12.0222   -7.5613 1.7
C    8.1582   10.5332  -10.0803 1.9
C    8.3502   10.1252  -11.5413 1.9
C    6.7522   10.1662   -9.6423 1.9
C    8.3382    8.6362  -11.7773 1.9
N    7.2362   13.4372   -8.2803 1.8
C    6.9122   13.8632   -6.9233 1.9
C    5.9812   12.7852   -6.3483 1.9
O    5.4812   11.9352   -7.0863 1.7
C    6.2452   15.2642   -6.8853 1.9
O    5.1572   15.3172   -7.8183 1.7
C    7.2582   16.3492   -7.2273 1.9
N    5.6962   12.8442   -5.0553 1.8
C    4.8682   11.8192   -4.4373 1.9
C    3.5192   12.3032   -3.8883 1.9
O    2.9752   11.7132   -2.9523 1.7
C    5.6822   11.1462   -3.3293 1.9
C    7.0392   10.6072   -3.8003 1.9
C    7.8822   10.1732   -2.6033 1.9
C    6.8162    9.4692   -4.7833 1.9
N    2.9712   13.3582   -4.4853 1.8
C    1.6972   13.9252   -4.0373 1.9
C    0.5862   12.9512   -4.3643 1.9
O   -0.4488   12.9132   -3.7023 1.7
C    1.4732   15.2832   -4.7053 1.9
C    2.5462   16.2542   -4.3153 1.9
C    3.6482   16.6012   -5.0513 1.9
C    2.6752   16.9212   -3.0583 1.9
N    4.4622   17.4322   -4.3143 1.8
C    3.8892   17.6482   -3.0893 1.9
C    1.8872   16.9732   -1.9003 1.9
C    4.3322   18.4192   -2.0043 1.9
C    2.3292   17.7382   -0.8213 1.9
C    3.5422   18.4502   -0.8833 1.9
N    0.8312   12.1552   -5.3913 1.8
C   -0.0908   11.1242   -5.8133 1.9
C    0.7322    9.8442   -6.0233 1.9
O    1.9672    9.8822   -5.9813 1.7
C   -0.8958   11.5522   -7.0503 1.9
C   -0.1218   11.9882   -8.2623 1.9
C   -1.0838   12.6322   -9.2593 1.9
C   -0.4168   12.9582  -10.5913 1.9
N    0.0232   11.7362  -11.3173 1.8
N    0.0622    8.7062   -6.1493 1.8
C    0.7662    7.4362   -6.3183 1.9
C    1.6802    7.4032   -7.5263 1.9
O    1.2452    7.7102   -8.6353 1.7
C   -0.2208    6.2722   -6.3833 1.9
C   -0.9258    6.0172   -5.0783 1.9
C   -1.9058    4.8902   -5.2463 1.9
N   -2.6358    4.6222   -4.0153 1.8
C   -3.9338    4.3462   -3.9673 1.9
N   -4.6378    4.2812   -5.0903 1.8
N   -4.5258    4.1172   -2.8053 1.8
N    2.9522    7.0332   -7.3323 1.8
C    3.9232    6.9682   -8.4283 1.9
C    3.6802    5.7812   -9.3683 1.9
O    4.4872    4.8482   -9.4173 1.7
C    5.2602    6.8492   -7.7053 1.9
C    4.8952    6.0542   -6.4673 1.9
C    3.6162    6.7352   -6.0333 1.9
N    2.5682    5.8242  -10.0963 1.8
C    2.1882    4.7782  -11.0483 1.9
C    2.7322    5.1012  -12.4233 1.9
O    2.6002    6.2302  -12.8873 1.7
C    0.6682    4.6992  -11.1653 1.9
C   -0.1078    4.2902   -9.9263 1.9
C   -1.5728    4.6502  -10.1073 1.9
C    0.0582    2.8062   -9.7143 1.9
N    3.3012    4.1122  -13.0963 1.8
C    3.8372    4.3192  -14.4353 1.9
C    3.3522    3.2032  -15.3423 1.9
O    2.7622    2.2302  -14.8703 1.7
C    5.3922    4.3362  -14.4483 1.9
C    5.9092    5.5152  -13.6293 1.9
C    5.9512    3.0162  -13.9183 1.9
N    3.5452    3.3682  -16.6443 1.8
C    3.1582    2.3392  -17.5903 1.9
C    4.3762    1.4512  -17.8233 1.9
O    5.4922    1.9512  -18.0343 1.7
C    2.7252    2.9352  -18.9423 1.9
O    1.6352    3.8392  -18.7373 1.7
N    4.1672    0.1442  -17.7053 1.8
C    5.2202   -0.8408  -17.9353 1.9
C    5.5012   -1.7258  -16.6873 1.9
C    4.2742   -2.5868  -16.3543 1.9
C    5.9392   -0.8558  -15.5053 1.9
C    4.5362   -3.6908  -15.3363 1.9
C    5.5852   -7.2918  -18.4533 1.9
C    6.1242   -8.6898  -18.1453 1.9
C    4.1432   -7.1288  -17.9773 1.9
C    6.2792   -8.9588  -16.6593 1.9
N    0.6632   -2.3368  -18.7943 1.8
C    0.0502   -2.4618  -17.4803 1.9
C    0.4882   -1.2628  -16.6633 1.9
O    1.4292   -0.5528  -17.0433 1.7
C    0.5372   -3.7198  -16.7633 1.9
C    0.0272   -5.0238  -17.3243 1.9
C    0.4432   -6.1658  -16.4203 1.9
C   -0.1338   -7.4698  -16.9043 1.9
N    0.4632   -7.8238  -18.2053 1.8
N   -0.2148   -1.0148  -15.5623 1.8
C    0.1312    0.0812  -14.6643 1.9
C    0.8242   -0.5418  -13.4643 1.9
O    0.3742   -1.5648  -12.9463 1.7
C   -1.1218    0.8282  -14.1863 1.9
C   -1.7538    1.7402  -15.2153 1.9
C   -0.8218    2.8522  -15.6613 1.9
O   -0.4038    3.6622  -14.8053 1.7
O   -0.5068    2.9162  -16.8713 1.7
N    1.9222    0.0612  -13.0293 1.8
C    2.6492   -0.4458  -11.8763 1.9
C    3.1322    0.7032  -11.0003 1.9
O    3.4122    1.7952  -11.4893 1.7
C    3.8222   -1.3118  -12.3243 1.9
N    3.2142    0.4412   -9.7023 1.8
C    3.6412    1.4072   -8.7073 1.9
C    5.1552    1.3342   -8.4403 1.9
O    5.6682    0.2582   -8.1213 1.7
C    2.8722    1.1102   -7.4163 1.9
C    2.9472    1.9982   -6.1783 1.9
C    2.2972    3.3332   -6.4663 1.9
C    2.2262    1.3042   -5.0353 1.9
N    5.8732    2.4512   -8.6003 1.8
C    7.3132    2.4782   -8.3193 1.9
C    7.4082    2.4502   -6.7983 1.9
O    7.1662    3.4582   -6.1303 1.7
C    7.9652    3.7412   -8.8913 1.9
C    7.8112    3.9202  -10.4043 1.9
C    8.6152    5.1132  -10.8753 1.9
C    8.2682    2.6742  -11.1363 1.9
N    7.7912    1.2952   -6.2623 1.8
C    7.8222    1.0712   -4.8213 1.9
C    9.2102    0.8932   -4.2013 1.9
O    9.7942   -0.1748   -4.3063 1.7
C    6.9562   -0.1788   -4.5703 1.9
C    6.5962   -0.3948   -3.1213 1.9
O    7.0772    0.3122   -2.2153 1.7
O    5.8062   -1.3228   -2.8933 1.7
N    9.7052    1.9012   -3.4893 1.8
C   11.0172    1.7762   -2.8603 1.9
C   10.9192    0.9302   -1.5963 1.9
O   11.9272    0.5062   -1.0333 1.7
C   11.6362    3.1472   -2.5103 1.9
O   10.8422    3.7992   -1.5143 1.7
C   11.7182    4.0342   -3.7483 1.9
N    9.6942    0.6952   -1.1443 1.8
C    9.4942   -0.1028    0.0457 1.9
C    9.4832   -1.5838   -0.2833 1.9
O    9.3422   -2.4208    0.6047 1.7
N    9.6462   -1.9098   -1.5553 1.8
C    9.6352   -3.2968   -2.0073 1.9
C   10.9912   -3.8398   -2.4573 1.9
O   11.6482   -3.2428   -3.3063 1.7
C    8.6302   -3.4468   -3.1503 1.9
N   11.4142   -4.9638   -1.8803 1.8
C   12.6672   -5.6048   -2.2863 1.9
C   12.5302   -6.1188   -3.7133 1.9
O   13.4242   -5.9318   -4.5403 1.7
C   12.9752   -6.8328   -1.4213 1.9
C   13.2352   -6.4978    0.0337 1.9
O   13.4832   -5.3188    0.3667 1.7
O   13.2012   -7.4458    0.8497 1.7
N   11.3942   -6.7578   -3.9933 1.8
C   11.1282   -7.3698   -5.2993 1.9
C    9.9772   -6.7818   -6.1183 1.9
O    9.1652   -6.0068   -5.6083 1.7
C   10.8482   -8.8628   -5.0953 1.9
C   11.6972   -9.4768   -3.9933 1.9
O   12.9352   -9.4578   -4.1243 1.7
O   11.1232   -9.9578   -2.9903 1.7
N    9.9262   -7.1718   -7.3933 1.8
C    8.8882   -6.7488   -8.3363 1.9
C    7.8052   -7.8308   -8.3823 1.9
O    8.0782   -8.9818   -8.7293 1.7
C    9.4862   -6.5208   -9.7483 1.9
O   10.4092   -5.4258   -9.6923 1.7
C    8.4012   -6.2138  -10.7883 1.9
N    6.5912   -7.4698   -7.9833 1.8
C    5.4732   -8.4048   -7.9553 1.9
C    4.3782   -7.9278   -8.9143 1.9
O    3.9392   -6.7768   -8.8533 1.7
C    4.8912   -8.5358   -6.5183 1.9
C    3.9232   -9.7028   -6.4403 1.9
C    6.0102   -8.7018   -5.5013 1.9
N    3.9612   -8.8188   -9.8033 1.8
C    2.9332   -8.5418  -10.8033 1.9
C    1.7082   -9.4338  -10.5573 1.9
O    1.8352  -10.5508  -10.0323 1.7
C    3.4842   -8.8128  -12.2263 1.9
C    4.7142   -7.9418  -12.4833 1.9
C    2.4422   -8.5078  -13.2793 1.9
C    4.4292   -6.4648  -12.4683 1.9
N    0.5272   -8.9378  -10.9273 1.8
C   -0.7128   -9.6858  -10.7593 1.9
C   -0.6998  -10.8778  -11.6943 1.9
O    0.0002  -10.8758  -12.7073 1.7
C   -1.9158   -8.7978  -11.0693 1.9
C   -2.1638   -7.7288  -10.0183 1.9
C   -2.9248   -6.5318  -10.5543 1.9
O   -3.4398   -6.5898  -11.6963 1.7
O   -2.9968   -5.5208   -9.8273 1.7
N   -1.5098  -11.8738  -11.3683 1.8
C   -1.5998  -13.0918  -12.1523 1.9
C   -1.6568  -12.8828  -13.6673 1.9
O   -2.5628  -12.2178  -14.1803 1.7
C   -2.8118  -13.8958  -11.6863 1.9
C   -3.0048  -15.2078  -12.4163 1.9
C   -1.8308  -16.1488  -12.2393 1.9
O   -1.3478  -16.2908  -11.0933 1.7
O   -1.3958  -16.7448  -13.2483 1.7
N   -0.6858  -13.4588  -14.3713 1.8
C   -0.6018  -13.3878  -15.8343 1.9
C    0.2802  -14.5498  -16.3223 1.9
O    0.8392  -15.2878  -15.5153 1.7
C    0.0222  -12.0668  -16.2793 1.9
C    1.4862  -11.9478  -15.9023 1.9
Z    2.3162  -10.5348  -16.6183 2.0
C    2.2832  -10.9448  -18.3603 1.9
N    0.4682  -14.6818  -17.6433 1.8
C    1.2452  -15.8078  -18.1723 1.9
C    2.6282  -15.2898  -18.5493 1.9
N    3.6552  -15.9778  -18.0003 1.8
C    5.0502  -15.6738  -18.3113 1.9
C    5.7622  -16.9578  -18.7573 1.9
O    5.4812  -18.0418  -18.2463 1.7
C    5.7592  -15.0488  -17.1003 1.9
C    5.3572  -13.6298  -16.6723 1.9
C    6.1682  -13.1998  -15.4643 1.9
C    5.5812  -12.6618  -17.8113 1.9
O    8.9362  -17.8138  -18.4353 1.7
C    8.8822  -17.8818   -3.2173 1.9
C    7.7722  -17.3478   -2.3173 1.9
O    6.6092  -17.2928   -2.7083 1.7
C    9.3392  -16.7978   -4.1953 1.9
C    9.7092  -15.4668   -3.5863 1.9
C   11.0692  -15.4998   -2.9583 1.9
C   11.7512  -14.1588   -3.1343 1.9
N   13.1872  -14.2788   -2.7763 1.8
N    8.1372  -16.9858   -1.0993 1.8
C    7.1882  -16.4578   -0.1403 1.9
C    7.6212  -15.0248    0.1107 1.9
O    8.8082  -14.7708    0.3087 1.7
C    7.2922  -17.2478    1.1617 1.9
C    6.2372  -16.9138    2.1897 1.9
Z    4.9992  -18.2088    2.2357 2.0
N    6.6832  -14.0838    0.0597 1.8
C    7.0132  -12.6868    0.3097 1.9
C    6.1032  -12.1278    1.3947 1.9
O    4.9522  -12.5508    1.5247 1.7
C    6.9432  -11.8238   -0.9793 1.9
C    5.5312  -11.8158   -1.5643 1.9
C    7.9492  -12.3358   -1.9963 1.9
C    5.4022  -10.9868   -2.8293 1.9
N    6.6502  -11.2378    2.2167 1.8
C    5.8792  -10.6418    3.2897 1.9
C    5.4882   -9.2178    2.9627 1.9
O    6.2072   -8.5258    2.2507 1.7
N    4.3352   -8.7918    3.4697 1.8
C    3.8502   -7.4448    3.2357 1.9
C    3.2212   -6.9128    4.5067 1.9
O    3.3932   -7.4908    5.5797 1.7
N    2.4372   -5.8508    4.3827 1.8
C    1.7902   -5.2378    5.5317 1.9
C    0.7912   -6.1788    6.1997 1.9
O    0.7562   -6.2808    7.4247 1.7
C    1.0892   -3.8998    5.1257 1.9
C    0.7982   -3.0478    6.3597 1.9
C   -0.1898   -4.1588    4.3417 1.9
C    2.0032   -2.3308    6.8747 1.9
N    0.0352   -6.9168    5.3907 1.8
C   -0.9748   -7.8128    5.9297 1.9
C   -0.5648   -9.2338    6.2637 1.9
O   -1.3128   -9.9498    6.9247 1.7
N    0.5992   -9.6578    5.7897 1.8
C    1.0562  -11.0058    6.0647 1.9
C    1.8922  -11.5378    4.9207 1.9
O    2.4992  -10.7638    4.1807 1.7
N    1.8792  -12.8518    4.7257 1.8
C    2.6702  -13.4568    3.6677 1.9
C    1.8192  -14.0478    2.5717 1.9
O    0.6812  -14.4548    2.8047 1.7
C    3.5702  -14.5548    4.2377 1.9
C    4.5302  -14.0688    5.2787 1.9
C    4.1452  -13.9848    6.6117 1.9
C    5.8132  -13.6678    4.9247 1.9
C    5.0272  -13.5028    7.5817 1.9
C    6.7022  -13.1858    5.8847 1.9
C    6.3072  -13.1018    7.2147 1.9
N    2.3602  -14.0508    1.3607 1.8
C    1.6742  -14.6368    0.2247 1.9
C    2.6962  -15.4598   -0.5493 1.9
O    3.9042  -15.2518   -0.4133 1.7
C    1.0102  -13.5878   -0.7193 1.9
C    2.0602  -12.7738   -1.4693 1.9
C    0.0712  -12.6708    0.0597 1.9
C    1.4802  -11.9778   -2.6103 1.9
N    2.2022  -16.4478   -1.2863 1.8
C    3.0432  -17.3128   -2.0953 1.9
C    3.0302  -16.7348   -3.4923 1.9
O    1.9872  -16.2848   -3.9733 1.7
C    2.4862  -18.7448   -2.1173 1.9
N    4.1862  -16.7278   -4.1403 1.8
C    4.2902  -16.1898   -5.4893 1.9
C    5.1592  -17.1128   -6.3303 1.9
O    5.8382  -17.9908   -5.7953 1.7
C    4.9092  -14.7578   -5.4873 1.9
C    3.9792  -13.7768   -4.8073 1.9
C    6.2512  -14.7578   -4.7833 1.9
N    5.0682  -16.9678   -7.6453 1.8
C    5.8682  -17.7528   -8.5723 1.9
C    7.0192  -16.8458   -9.0283 1.9
O    6.7802  -15.7068   -9.4263 1.7
C    5.0222  -18.1628   -9.7763 1.9
C    3.6512  -18.7108   -9.3933 1.9
C    1.9832  -18.1948  -12.1373 1.9
N    1.0032  -17.8908  -11.2903 1.8
N    1.9562  -17.7178  -13.3743 1.8
N    8.2512  -17.3458   -8.9873 1.8
C    9.4082  -16.5508   -9.3783 1.9
C    9.9262  -16.8608  -10.7733 1.9
O   10.3112  -17.9938  -11.0513 1.7
C   10.5202  -16.7368   -8.3463 1.9
C   11.8362  -16.0928   -8.7063 1.9
C   12.8482  -16.2038   -7.5893 1.9
O   12.4882  -16.2598   -6.4143 1.7
N   14.1232  -16.2358   -7.9473 1.8
N    9.9182  -15.8558  -11.6473 1.8
C   10.4072  -15.9808  -13.0223 1.9
C   11.6862  -15.1558  -13.1373 1.9
O   11.6962  -13.9708  -12.7923 1.7
C    9.3702  -15.4488  -14.0203 1.9
C    8.1072  -16.2888  -14.1063 1.9
C    7.0992  -16.1698  -13.1443 1.9
C    7.9452  -17.2368  -15.1193 1.9
C    5.9652  -16.9798  -13.1823 1.9
C    6.8152  -18.0518  -15.1683 1.9
C    5.8332  -17.9198  -14.1943 1.9
O    4.7352  -18.7488  -14.2053 1.7
N   12.7702  -15.7798  -13.5833 1.8
C   14.0352  -15.0698  -13.7323 1.9
C   14.2342  -14.5708  -15.1523 1.9
O   13.6192  -15.0688  -16.1043 1.7
C   15.2282  -15.9588  -13.3453 1.9
C   15.2182  -16.3578  -11.8783 1.9
O   14.5092  -15.7088  -11.0833 1.7
O   15.9242  -17.3248  -11.5153 1.7
N   15.0692  -13.5458  -15.2713 1.8
C   15.4172  -12.9698  -16.5513 1.9
C   14.2202  -12.6178  -17.4363 1.9
O   14.1622  -13.0068  -18.6053 1.7
C   16.3632  -13.9258  -17.2723 1.9
C   17.4902  -13.2518  -18.0193 1.9
C   18.6102  -14.2168  -18.3023 1.9
O   18.9922  -15.0008  -17.4273 1.7
N   13.2832  -11.8548  -16.8863 1.8
C   12.1052  -11.4398  -17.6403 1.9
C   12.2992  -10.0158  -18.1553 1.9
O   12.6972   -9.1178  -17.4093 1.7
C   10.8182  -11.5008  -16.7673 1.9
C   10.5362  -12.9428  -16.3363 1.9
C    9.6162  -10.9328  -17.5273 1.9
C   10.2642  -13.8968  -17.4873 1.9
C   10.0822   -5.6148  -18.7643 1.9
C   10.4812   -4.1588  -18.9623 1.9
O   11.5212   -3.7168  -18.4763 1.7
C    9.6822   -5.8658  -17.2933 1.9
C    8.6362   -4.8538  -16.8343 1.9
C   10.9192   -5.8588  -16.3963 1.9
C    8.1292   -5.1318  -15.4303 1.9
C    9.2042   -1.1588  -18.9583 1.9
O    7.9882   -1.2288  -18.7943 1.7
N    9.9822   -0.3878  -18.2113 1.8
C    9.4262    0.4682  -17.1743 1.9
C    9.6652    1.9242  -17.5373 1.9
O   10.8152    2.3792  -17.5743 1.7
C   10.0852    0.2062  -15.7993 1.9
C   10.0412   -1.2818  -15.4613 1.9
C    9.3832    1.0142  -14.7093 1.9
C   11.0172   -1.6838  -14.3843 1.9
N    8.5902    2.6292  -17.8843 1.8
C    8.6772    4.0482  -18.2053 1.9
C    9.0602    4.7932  -16.9253 1.9
Z    8.0762    6.2232  -16.5463 2.0
C   14.1412    2.4662  -18.3973 1.9
C   14.4182    3.9322  -18.3133 1.9
N   15.6922    4.4392  -18.1813 1.8
C   13.5902    5.0022  -18.3683 1.9
C   15.6402    5.7582  -18.1643 1.9
N   14.3762    6.1242  -18.2753 1.8
N   14.4062   -3.1388  -18.5803 1.8
C   15.0192   -3.8638  -17.4763 1.9
C   14.7912   -5.3518  -17.7693 1.9
O   13.8352   -5.7138  -18.4653 1.7
C   14.3702   -3.4808  -16.1593 1.9
N   15.6982   -6.2008  -17.2913 1.8
C   15.5972   -7.6448  -17.4873 1.9
C   16.0002   -8.2478  -16.1563 1.9
O   17.1602   -8.1618  -15.7543 1.7
C   16.5502   -8.1608  -18.6003 1.9
C   16.2542   -9.6398  -18.9083 1.9
N   15.0402   -8.8128  -15.4383 1.8
C   15.3662   -9.3748  -14.1433 1.9
C   14.2952  -10.2818  -13.5903 1.9
O   13.4602  -10.7878  -14.3323 1.7
N   14.3262  -10.4768  -12.2793 1.8
C   13.3802  -11.3368  -11.5893 1.9
C   12.0172  -10.6698  -11.4033 1.9
O   11.9282   -9.5368  -10.9113 1.7
C   13.9352  -11.7378  -10.2073 1.9
O   15.2192  -12.3538  -10.3723 1.7
C   12.9892  -12.7008   -9.4963 1.9
N   10.9622  -11.3808  -11.7983 1.8
C    9.5882  -10.8978  -11.6683 1.9
C    8.8022  -11.9558  -10.8963 1.9
O    8.8962  -13.1468  -11.1933 1.7
C    8.9242  -10.6588  -13.0573 1.9
C    7.4512  -10.3468  -12.8893 1.9
C    9.6032   -9.5008  -13.7863 1.9
N    8.0812  -11.5328   -9.8673 1.8
C    7.2862  -12.4528   -9.0663 1.9
C    5.8242  -12.2728   -9.4823 1.9
O    5.3822  -11.1438   -9.7103 1.7
C    7.4652  -12.1588   -7.5683 1.9
C    8.8812  -12.1128   -6.9723 1.9
C    8.7932  -11.7858   -5.4993 1.9
C    9.6262  -13.4328   -7.1663 1.9
N    5.1052  -13.3828   -9.6563 1.8
C    3.6912  -13.3598  -10.0423 1.9
C    2.8662  -13.9588   -8.8993 1.9
O    3.1852  -15.0338   -8.3913 1.7
C    3.4422  -14.1528  -11.3543 1.9
C    1.9562  -14.1418  -11.7213 1.9
C    4.2442  -13.5458  -12.4863 1.9
N    1.8312  -13.2448   -8.4743 1.8
C    1.0092  -13.7208   -7.3763 1.9
C   -0.1268  -12.7728   -7.0373 1.9
O   -0.2988  -11.7458   -7.7043 1.7
N   -0.8918  -13.0638   -5.9693 1.8
C   -2.0278  -12.2478   -5.5293 1.9
C   -1.6948  -10.9088   -4.8593 1.9
O   -1.9208  -10.7348   -3.6613 1.7
C   -2.7568  -13.1898   -4.5763 1.9
C   -1.6238  -13.9128   -3.9183 1.9
C   -0.7098  -14.2298   -5.0803 1.9
N   -1.1658   -9.9688   -5.6353 1.8
C   -0.8358   -8.6398   -5.1283 1.9
C   -1.9508   -7.6478   -5.4723 1.9
O   -2.5318   -7.7158   -6.5633 1.7
C    0.4962   -8.1018   -5.7283 1.9
O    0.7372   -6.7818   -5.2283 1.7
C    0.4422   -8.0428   -7.2493 1.9
N   -2.2638   -6.7168   -4.5463 1.8
C   -3.3078   -5.6978   -4.7323 1.9
C   -3.0888   -4.8648   -5.9923 1.9
O   -4.0418   -4.5128   -6.6903 1.7
C   -3.1648   -4.8368   -3.4803 1.9
C   -2.7368   -5.8108   -2.4523 1.9
C   -1.7088   -6.6418   -3.1813 1.9
N   -1.8308   -4.5278   -6.2603 1.8
C   -1.4628   -3.7338   -7.4343 1.9
C   -0.0828   -4.1798   -7.9153 1.9
O    0.6822   -4.7588   -7.1443 1.7
C   -1.3948   -2.1998   -7.1223 1.9
C   -2.7028   -1.7018   -6.5103 1.9
C   -0.2368   -1.8998   -6.2053 1.9
N    0.2262   -3.9258   -9.1803 1.8
C    1.5332   -4.2958   -9.7313 1.9
C    2.5672   -3.3648   -9.0873 1.9
O    2.3352   -2.1548   -9.0143 1.7
C    1.5512   -4.1018  -11.2503 1.9
C    0.5792   -5.0138  -11.9743 1.9
O    0.3692   -6.1578  -11.5743 1.7
N   -0.0148   -4.5128  -13.0513 1.8
N    3.6702   -3.9168   -8.5803 1.8
C    4.7062   -3.0988   -7.9473 1.9
C    6.1122   -3.3388   -8.5173 1.9
O    6.5172   -4.4778   -8.7483 1.7
C    4.7522   -3.2748   -6.3823 1.9
C    5.2012   -4.6808   -5.9903 1.9
C    3.3972   -2.9638   -5.7533 1.9
C    5.3282   -4.8778   -4.4853 1.9
N    6.8312   -2.2528   -8.7823 1.8
C    8.1932   -2.3258   -9.2983 1.9
C    9.0832   -2.1488   -8.0743 1.9
O    9.0932   -1.0758   -7.4573 1.7
C    8.4672   -1.2048  -10.3293 1.9
C    7.4942   -1.3318  -11.5093 1.9
C    9.9102   -1.2538  -10.8123 1.9
C    7.5532   -2.6878  -12.2373 1.9
N    9.7442   -3.2308   -7.6743 1.8
C   10.6072   -3.1988   -6.5083 1.9
C   12.0222   -2.7448   -6.8003 1.9
O   12.3942   -2.5378   -7.9583 1.7
N   12.8272   -2.6378   -5.7463 1.8
C   14.2182   -2.1908   -5.8603 1.9
C   15.0822   -2.9768   -6.8463 1.9
O   15.9722   -2.4018   -7.4783 1.7
C   14.8842   -2.1448   -4.4783 1.9
C   14.2352   -1.1598   -3.5023 1.9
C   14.9742   -1.0708   -2.1623 1.9
N   14.9762   -2.3328   -1.4273 1.8
C   15.9592   -3.2248   -1.4823 1.9
N   17.0322   -2.9888   -2.2233 1.8
N   15.8782   -4.3488   -0.7873 1.8
N   14.7802   -4.2588   -7.0413 1.8
C   15.5622   -5.0838   -7.9523 1.9
C   15.5642   -4.5158   -9.3703 1.9
O   16.5792   -4.5938  -10.0673 1.7
C   15.0932   -6.5508   -7.9353 1.9
C   13.7772   -6.7668   -8.6653 1.9
O   12.7502   -6.1978   -8.2973 1.7
N   13.7992   -7.6008   -9.7013 1.8
N   14.4522   -3.9118   -9.7903 1.8
C   14.3742   -3.3248  -11.1293 1.9
C   14.5522   -1.8068  -11.1053 1.9
O   14.9592   -1.2198  -12.1013 1.7
C   13.0592   -3.6828  -11.8173 1.9
C   12.7712   -5.1648  -12.0403 1.9
C   11.5422   -5.3028  -12.9363 1.9
C   13.9832   -5.8448  -12.6763 1.9
N   14.2492   -1.1758   -9.9723 1.8
C   14.4162    0.2662   -9.8473 1.9
C   15.9032    0.5912   -9.9933 1.9
O   16.2642    1.6262  -10.5473 1.7
C   13.8952    0.7752   -8.4993 1.9
C   12.3912    0.6742   -8.2243 1.9
C   12.1152    1.1952   -6.8313 1.9
C   11.5822    1.4332   -9.2783 1.9
N   16.7642   -0.3028   -9.5133 1.8
C   18.2022   -0.0898   -9.6313 1.9
C   18.6272   -0.2238  -11.0913 1.9
O   18.6082   -2.4198   -9.0203 1.7
C   18.8272   -0.7588   -7.2773 1.9
N   17.9502   -1.0968  -11.8373 1.8
C   18.2722   -1.2898  -13.2473 1.9
C   18.0002   -0.0638  -14.1013 1.9
O   18.7192    0.1912  -15.0703 1.7
C   17.5362   -2.4928  -13.8283 1.9
C   18.0362   -3.8078  -13.2933 1.9
C   17.8052   -4.9608  -14.2503 1.9
O   17.6152   -4.7728  -15.4533 1.7
N   17.8102   -6.1658  -13.7123 1.8
N   16.9682    0.6942  -13.7433 1.8
C   16.6282    1.8992  -14.4843 1.9
C   17.3142    3.1252  -13.8773 1.9
O   17.0902    4.2452  -14.3163 1.7
C   15.0942    2.1082  -14.5733 1.9
C   14.5022    2.3602  -13.1873 1.9
C   14.4392    0.8812  -15.2053 1.9
C   13.0452    2.7252  -13.2153 1.9
N   18.1312    2.8982  -12.8533 1.8
C   18.8812    3.9702  -12.2223 1.9
C   18.0642    4.9432  -11.4033 1.9
O   18.3582    6.1412  -11.3793 1.7
N   17.0762    4.4182  -10.6853 1.8
C   16.1922    5.2222   -9.8563 1.9
C   16.7262    5.3992   -8.4373 1.9
O   17.1952    4.4412   -7.8143 1.7
C   14.8042    4.5792   -9.8283 1.9
Z   13.5412    5.5092   -8.9403 2.0
N   16.6342    6.6272   -7.9303 1.8
C   17.0912    6.9712   -6.5893 1.9
C   16.0572    7.8742   -5.9323 1.9
O   15.1862    8.4352   -6.6123 1.7
C   18.4042    7.8012   -6.6283 1.9
O   18.2142    8.9512   -7.4653 1.7
N   16.1482    7.9882   -4.6113 1.8
C   15.2852    8.8672   -3.8303 1.9
C   16.1542   10.1002   -3.5673 1.9
O   17.3572    9.9732   -3.3263 1.7
C   14.9012    8.2172   -2.4963 1.9
C   13.7962    7.1642   -2.5383 1.9
C   13.7162    6.4892   -1.1993 1.9
C   12.4612    7.8112   -2.8943 1.9
N   15.5602   11.2862   -3.6143 1.8
C   16.3192   12.5112   -3.4093 1.9
C   15.5462   13.5332   -2.6083 1.9
O   14.3522   13.7282   -2.8273 1.7
C   16.6672   13.1462   -4.7533 1.9
C   17.5352   12.2702   -5.6073 1.9
O   18.7532   12.4452   -5.6573 1.7
N   16.9222   11.3202   -6.2933 1.8
N   16.2382   14.2042   -1.7003 1.8
C   15.6352   15.2512   -0.8873 1.9
C   16.7102   16.1092   -0.2053 1.9
O   17.8902   15.9862   -0.6043 1.7
C   14.6232   14.6712    0.1187 1.9
C   15.2252   13.8102    1.1897 1.9
C   15.3852   12.4442    0.9967 1.9
C   15.5792   14.3582    2.4167 1.9
C   15.8872   11.6372    2.0137 1.9
C   16.0832   13.5642    3.4397 1.9
C   16.2372   12.2002    3.2427 1.9
O   16.3742   16.9162    0.6897 1.7
O    7.4422   16.9932   -2.2623 1.7
O   11.3662   18.8252   -4.3953 1.7
O   13.8482   18.9502    0.7737 1.7
O   13.6522   16.0942   -4.3013 1.7
O   16.3742   16.9112   -4.8073 1.7
O   16.5272   12.8202   11.2977 1.7
O   15.6432   11.9462   13.4337 1.7
O   16.9692   12.9202   15.4587 1.7
O   17.2312   15.2632   16.9737 1.7
O   10.7752   16.9192   16.4007 1.7
O  -14.6478    5.3022   14.1257 1.7
O  -13.0708    5.0982   11.8887 1.7
O  -10.2648    1.9742    7.0867 1.7
O   -4.5308    3.3322    3.0757 1.7
O   -0.9168   10.3152    1.0597 1.7
O    0.9302   14.2842    0.7747 1.7
O   -0.7098   16.5862    0.7247 1.7
O   -2.7068   10.6342   -2.6663 1.7
O   -4.1908    7.5262   -1.4033 1.7
O   -5.2358   -6.3138   12.4487 1.7
O   -7.8168   -7.2838   11.5527 1.7
O   -7.9678   -8.1708    8.8837 1.7
O   -7.3948   -9.4658    4.9707 1.7
O   -5.1108   -9.7868    6.6947 1.7
O   -1.7258  -13.5208    4.7817 1.7
O   -1.9248   -9.9538   -1.0363 1.7
O   18.3902   -4.2258   -5.1873 1.7
O   18.6662   -4.0968    2.4017 1.7
O   18.9802   -3.5878    5.0187 1.7
O   16.0672   -4.1808    6.9197 1.7
O   13.8072   -3.8128    8.5317 1.7
O   11.5922   -0.9058   11.1937 1.7
O    9.6652    0.6232   16.6127 1.7
O    7.2912    1.5932   17.7387 1.7
O    4.2052   -3.5978   16.3657 1.7
O    4.8052   -5.3848   14.4567 1.7
O   13.0092    1.1092   15.1187 1.7
O   -0.4448    7.9952    7.6887 1.7
O   -2.3568   10.0702    4.3607 1.7
O   -5.1418    8.7222    6.9997 1.7
O   -1.2958   13.6172    6.4107 1.7
O   -2.7998   15.0322   10.1737 1.7
O   -1.6618   17.6332    9.8027 1.7
O   -6.9228   17.0292   13.0977 1.7
O   -8.1418   13.8182   14.9397 1.7
O   -9.5928   11.5142   15.6437 1.7
O   -7.5808   10.4402   14.0937 1.7
O   16.1152  -10.5088    2.6937 1.7
O   -3.5788   13.6322   17.2407 1.7
O   -5.5598   15.9752   16.0117 1.7
O   -5.5868   15.1422   18.7227 1.7
O    5.4362   13.3292   17.8047 1.7
O    9.3622   14.3382   16.6757 1.7
O    3.1082   15.8192   17.2867 1.7
O  -11.7628   12.9002   13.6697 1.7
O   -8.6168   12.6802   10.1617 1.7
O   -7.1858   -0.1158   16.4387 1.7
O   -4.8148   -1.1738   17.2967 1.7
O   -4.6518   -3.5498   15.7027 1.7
O  -13.0538   -0.6378   15.7887 1.7
O    0.1192    3.2472   -2.5633 1.7
O    1.9492    5.0362   -3.2153 1.7
O   13.6952  -14.3248    4.0727 1.7
O   18.2832    6.3442  -15.4653 1.7
O   18.9102    2.5902    0.0927 1.7
O   -8.1618    2.3482    4.1127 1.7
O   15.3102   14.0812  -12.2523 1.7
O   16.9412   16.2902   -7.5313 1.7
O   -2.5698   -2.9558  -15.3323 1.7
O   -4.4398  -14.5748   -1.8983 1.7
O   -4.2568  -18.5738  -10.3453 1.7
O   16.5952  -13.3048   -8.0863 1.7
O   11.3982  -17.6188  -16.8203 1.7
O   12.5842  -18.4928  -14.5613 1.7
O   15.7302   -9.4358   -0.6503 1.7
O   -6.2998   -8.7608  -13.2463 1.7
O   -7.1358   -7.4418  -11.3293 1.7
O    1.5992    6.7142  -18.0653 1.7
O    4.2602    6.2162  -17.6113 1.7
O    5.2962    8.7662  -15.7073 1.7
O    4.3642    9.0062  -12.9453 1.7
O    3.1462    9.9712  -10.7403 1.7
O    3.5562   10.6012   -8.2503 1.7
O    2.7622   13.4672   -7.4333 1.7
O    1.0392   15.1812   -8.4413 1.7
O    5.6002   13.9362  -10.7833 1.7
O    7.7702   13.5882  -14.4403 1.7
O   10.1492   15.1742  -15.0743 1.7
O    8.8242   17.3192  -11.2373 1.7
O    6.7182   18.9952   -5.3313 1.7
O    7.1522   14.6442   -3.5603 1.7
O   -3.5108   14.0782   -5.2923 1.7
O   -2.1678   15.0862   -2.5173 1.7
O   -4.2558    8.1752   -4.0023 1.7
O   -2.8868    8.7892   -6.2013 1.7
O   -0.9958    8.4422   -9.8503 1.7
O   -4.0528    2.1702   -8.1583 1.7
O   -2.7748    0.4662  -10.4173 1.7
O   -1.5458   -2.1038  -10.7953 1.7
O   -2.2768   -5.7548  -14.1703 1.7
O   -0.8028   -8.5828  -14.1693 1.7
O   -4.9888  -11.0918  -12.6253 1.7
O   -4.0618   -9.6548   -7.9513 1.7
O    4.4652   -9.6788    6.6517 1.7
O    6.9932   -9.0738    5.9957 1.7
O   -3.5968   -9.6958    8.9507 1.7
O    0.8852  -13.9008    7.5367 1.7
O   -0.3448  -17.3868   -0.0013 1.7
O    0.1972  -17.1888   -7.8423 1.7
O   -2.4538  -15.5638   -8.7763 1.7
O    3.6412   -9.7698    9.1947 1.7
O   13.5802  -10.1408   -6.4843 1.7
O   13.8022  -12.7158   -5.8773 1.7
O   11.3962   -9.4868   -8.2263 1.7
O   16.3432   -9.0328  -10.6683 1.7
O   18.0892   -6.9128  -10.9663 1.7
O   16.5822   -6.1938   -4.2623 1.7
O   17.5212   -6.2608    1.3977 1.7
O    7.2472   10.5572  -16.3553 1.7
O   10.8692  -14.8058    3.9957 1.7
O   18.1212    3.1372  -18.4263 1.7
O   17.2882    0.6052  -18.1043 1.7
O   18.9332    8.6272  -10.0703 1.7
O   13.0362   -1.6078    0.2327 1.7
O   11.7862   -3.7058    1.5677 1.7
O   11.2532  -14.3548   -0.0263 1.7
O   16.4792  -12.6738  -12.9203 1.7
O   18.5842  -14.2488  -12.6053 1.7
O   17.4662  -16.2718   -8.9173 1.7
O   12.7682  -18.2078   -3.5973 1.7
O   10.8622  -17.8728   -0.2183 1.7
O    3.0652   12.7202  -10.2143 1.7
O   -4.1248   -0.1928  -17.3613 1.7
O   -5.4888    0.5172    2.4157 1.7
O   -6.2628    2.2472   -0.5893 1.7
O    2.2752   -4.4638    1.8557 1.7
