Level1              Train_RMSD                       Train_Pearson                        Test_RMSD                         Test_Pearson           
             1      2      3      4      5      1      2      3      4      5      1      2      3      4      5      1      2      3      4      5
L001      4.10   2.77   2.61   2.60   2.60  0.119  0.245  0.278  0.278  0.279   4.29   2.91   2.74   2.72   2.72  0.117  0.345  0.426  0.433  0.434
L002      3.90   2.53   2.33   2.32   2.32  0.179  0.345  0.421  0.428  0.430   4.18   2.87   2.60   2.59   2.58  0.163  0.341  0.493  0.507  0.508
L003      3.84   2.43   2.24   2.23   2.22  0.191  0.388  0.474  0.484  0.485   3.82   2.70   2.47   2.43   2.43  0.261  0.447  0.590  0.616  0.619
L004      3.86   2.42   2.24   2.21   2.21  0.191  0.398  0.477  0.492  0.493   4.02   2.65   2.43   2.44   2.43  0.208  0.468  0.609  0.609  0.618
L005      3.85   2.41   2.22   2.20   2.20  0.210  0.417  0.492  0.505  0.505   4.04   2.67   2.40   2.39   2.39  0.243  0.473  0.629  0.634  0.636
L006      3.86   2.42   2.23   2.21   2.21  0.202  0.416  0.488  0.498  0.499   3.94   2.67   2.39   2.38   2.37  0.280  0.469  0.632  0.647  0.650
L007      3.85   2.42   2.23   2.21   2.21  0.197  0.406  0.489  0.500  0.502   4.02   2.63   2.51   2.49   2.49  0.219  0.490  0.580  0.594  0.596
L008      3.99   2.65   2.48   2.46   2.46  0.235  0.393  0.433  0.437  0.437   3.97   2.64   2.45   2.41   2.42  0.316  0.511  0.580  0.598  0.595
L009      3.97   2.63   2.45   2.43   2.43  0.241  0.394  0.439  0.444  0.445   4.08   2.79   2.61   2.59   2.58  0.262  0.446  0.502  0.510  0.510
L010      3.96   2.60   2.42   2.41   2.40  0.243  0.413  0.454  0.459  0.459   3.92   2.82   2.55   2.55   2.54  0.297  0.438  0.528  0.525  0.530
